ANIMAL	FATHER	MOTHER
9999143	NA	NA
1	NA	NA
4	NA	NA
5	NA	NA
11	NA	NA
12	NA	NA
13	NA	NA
14	NA	NA
19	NA	NA
21	NA	NA
22	NA	NA
23	NA	NA
24	NA	NA
27	NA	NA
28	NA	NA
29	NA	NA
32	NA	NA
34	NA	NA
35	NA	NA
36	NA	NA
39	NA	NA
46	NA	NA
47	NA	NA
48	NA	NA
51	NA	NA
53	NA	NA
54	NA	NA
55	NA	NA
56	NA	NA
57	NA	NA
67	NA	NA
73	NA	NA
74	NA	NA
77	NA	NA
4300	NA	NA
4301	NA	NA
4304	NA	NA
4305	NA	NA
4306	NA	NA
4307	NA	NA
4329	NA	NA
4522	NA	NA
4558	NA	NA
4559	NA	NA
4560	NA	NA
5831	NA	NA
6083	NA	NA
6529	NA	NA
6781	NA	NA
6782	NA	NA
6786	NA	NA
7072	NA	NA
7073	NA	NA
7074	NA	NA
7075	NA	NA
7076	NA	NA
7077	NA	NA
7078	NA	NA
7079	NA	NA
7080	NA	NA
7081	NA	NA
7082	NA	NA
7083	NA	NA
7084	NA	NA
7085	NA	NA
7093	NA	NA
7126	NA	NA
7757	NA	NA
92	NA	NA
95	NA	NA
148	NA	NA
197	NA	NA
202	NA	NA
204	NA	NA
205	NA	NA
209	NA	NA
300	NA	NA
301	NA	NA
303	NA	NA
341	NA	NA
415	NA	NA
416	NA	NA
417	NA	NA
418	NA	NA
420	NA	NA
421	NA	NA
422	NA	NA
423	NA	NA
424	NA	NA
425	NA	NA
426	NA	NA
547	NA	NA
551	NA	NA
552	NA	NA
553	NA	NA
554	NA	NA
555	NA	NA
556	NA	NA
557	NA	NA
558	NA	NA
559	NA	NA
560	NA	NA
562	NA	NA
564	NA	NA
566	NA	NA
567	NA	NA
568	NA	NA
571	NA	NA
572	NA	NA
573	NA	NA
574	NA	NA
575	NA	NA
577	NA	425
743	NA	NA
746	NA	NA
747	NA	NA
748	NA	NA
749	NA	NA
751	NA	NA
752	NA	NA
753	NA	NA
754	NA	NA
755	NA	NA
895	NA	NA
898	NA	NA
899	NA	NA
900	NA	NA
901	NA	NA
902	NA	NA
903	NA	NA
904	NA	415
905	NA	NA
906	NA	NA
907	NA	NA
909	NA	NA
910	NA	NA
1038	NA	NA
1066	NA	NA
1067	NA	NA
1072	NA	NA
1073	NA	NA
1075	NA	NA
1076	NA	NA
1077	NA	572
1078	NA	NA
1079	NA	NA
1080	NA	NA
1081	NA	NA
1082	NA	NA
1083	NA	NA
1089	NA	426
1090	NA	NA
1091	NA	NA
1093	NA	NA
1094	NA	NA
1095	NA	NA
1096	NA	NA
1097	NA	NA
1098	NA	424
1099	NA	NA
1101	NA	NA
1102	NA	NA
1103	NA	NA
1104	NA	NA
1105	NA	NA
1106	NA	NA
1107	NA	NA
1108	NA	NA
1109	NA	NA
1181	NA	NA
1201	NA	418
1203	895	NA
1207	NA	NA
1223	NA	749
1225	NA	NA
1226	NA	NA
1229	NA	NA
1233	NA	NA
1235	NA	NA
1240	NA	NA
1242	NA	905
1243	NA	NA
1244	NA	899
1246	NA	209
1249	NA	573
1251	NA	NA
1252	NA	NA
1255	NA	303
1256	NA	NA
1258	NA	NA
1259	NA	NA
1260	NA	NA
1261	NA	NA
1262	NA	NA
1263	NA	574
1264	NA	1097
1284	NA	NA
1286	NA	NA
1287	NA	904
1288	NA	NA
1289	NA	1105
1315	NA	95
1339	NA	1080
15	NA	NA
17	NA	NA
20	NA	NA
26	NA	NA
1354	NA	202
1355	NA	425
1356	NA	425
1357	NA	901
1361	NA	749
1362	NA	909
1364	NA	197
1367	NA	1094
1368	NA	415
1374	NA	1108
1375	NA	1235
1379	NA	1
1382	NA	1073
1383	NA	4
1384	NA	574
1387	NA	1075
1392	NA	1095
1393	NA	NA
1394	NA	1091
1398	NA	560
1400	NA	573
1403	NA	906
1406	NA	1080
1408	NA	556
1411	NA	418
1423	NA	557
1425	NA	301
1428	NA	1240
1434	NA	204
1436	NA	1207
1438	NA	417
1440	NA	910
1445	NA	1252
1446	NA	1081
1451	NA	1097
1452	NA	1083
1456	NA	416
1457	NA	553
1461	NA	747
1464	NA	558
1465	NA	1258
1468	NA	416
1469	NA	1093
1471	NA	566
1473	NA	92
1474	NA	1229
1475	NA	568
1476	NA	1066
1477	NA	5
1482	NA	95
1483	NA	NA
1485	NA	5
1490	NA	547
1491	NA	559
1497	NA	746
1499	NA	746
1501	NA	907
1502	NA	554
1508	NA	300
1510	NA	551
1514	NA	NA
1517	NA	752
1526	NA	1078
1531	NA	1079
1536	NA	552
1538	NA	1262
1552	NA	NA
1553	NA	NA
1554	NA	751
1568	NA	1225
1571	NA	1249
1575	NA	1242
1583	NA	NA
1586	NA	NA
1587	NA	NA
1588	NA	898
1589	NA	415
1590	NA	205
1591	NA	577
1592	NA	577
1594	NA	906
1596	NA	902
1597	NA	749
1598	NA	420
1599	NA	1089
1600	NA	NA
1602	NA	901
1604	NA	1583
1605	NA	1080
1606	NA	NA
1608	NA	904
1610	NA	418
1613	NA	1097
1614	NA	905
1615	NA	1076
1616	NA	559
1617	NA	574
1618	NA	1256
1621	NA	1078
1622	NA	753
1623	NA	1072
1624	NA	558
1625	NA	747
1626	NA	27
1627	NA	13
1628	NA	423
1629	NA	5
1630	NA	903
1631	NA	1081
1632	NA	751
1633	NA	NA
1634	NA	572
1635	NA	1256
1637	NA	1098
1638	NA	23
1639	NA	21
1641	NA	1096
1642	NA	1289
1643	NA	571
1644	NA	1251
1645	NA	1586
1646	NA	1105
1647	NA	752
1648	NA	425
1649	NA	551
1650	NA	566
1652	1286	NA
1655	NA	NA
1656	NA	NA
1660	NA	555
1661	NA	NA
1662	NA	1083
1663	NA	1109
1664	NA	416
1665	NA	567
1666	NA	1082
1667	NA	148
1668	NA	1393
1669	NA	424
1670	NA	1261
1671	NA	1246
1672	NA	1108
1673	NA	1242
1674	NA	909
1677	NA	746
1678	NA	746
1679	NA	341
1680	NA	1095
1681	NA	1243
1682	NA	1255
1683	NA	1094
1684	NA	1244
1685	NA	1225
1689	NA	1262
1690	NA	1263
1693	NA	1226
1694	NA	303
1695	NA	553
1696	NA	1079
1697	NA	899
1700	NA	1101
1701	NA	1077
1705	NA	1252
1707	NA	554
1708	NA	554
1712	NA	NA
1713	NA	748
1714	NA	NA
1715	NA	NA
1719	NA	NA
1720	NA	NA
1721	NA	NA
1722	NA	NA
30	NA	NA
1724	NA	572
1725	NA	1105
1726	NA	1252
1727	NA	27
1728	NA	423
1729	NA	910
1730	NA	1712
1731	NA	422
1732	NA	1638
1733	NA	551
1734	1604	420
1735	1223	1632
1736	NA	904
1737	NA	904
1738	564	574
1739	1644	205
1740	564	755
1741	1107	557
1742	743	424
1743	NA	1246
1744	1650	1101
1745	15	418
1746	895	1554
1747	NA	1095
1748	NA	905
1749	NA	1243
1750	NA	1080
1751	NA	1080
1752	NA	1108
1753	564	1664
1754	1617	1589
1755	NA	577
1756	1720	1226
1757	NA	1098
1758	NA	1649
1760	NA	906
1761	NA	1225
1762	1223	1259
1763	743	1242
1764	1629	1242
1765	1223	1090
1766	1223	1090
1767	NA	12
1768	575	1263
1769	1223	1089
1771	NA	NA
1772	NA	1038
1773	1617	1586
1774	564	1094
1775	575	5
1776	575	5
1777	NA	36
1778	NA	573
1779	1201	416
1780	NA	416
1781	NA	560
1782	1617	1076
1783	NA	571
1784	15	1597
1785	1099	1639
1786	NA	1663
1787	NA	NA
1788	NA	1077
1789	NA	1096
1790	NA	1623
1791	NA	1610
1792	1656	1081
1793	NA	1081
1794	NA	1552
1795	NA	27
1796	NA	1102
1797	20	1622
1798	1614	1606
1799	NA	1244
1800	NA	1483
1801	1201	753
1802	NA	753
1803	NA	23
1804	NA	1288
1805	NA	1264
1806	NA	747
1808	743	1082
1809	NA	1553
1810	NA	1289
1811	NA	1713
1812	NA	748
1813	1655	1255
1814	NA	NA
1816	NA	555
1817	17	1631
1818	NA	1106
1819	564	1605
1820	575	1262
1821	NA	NA
1822	NA	1097
1824	NA	1633
1825	NA	1083
1826	NA	1662
1827	NA	NA
1828	NA	1626
1829	NA	902
1830	NA	1641
1831	NA	1181
1832	NA	1073
1833	1201	1251
1834	15	560
1835	1598	1583
1836	NA	NA
1837	1107	562
1838	900	NA
1839	900	571
1840	900	NA
1841	NA	415
1843	1201	303
1844	NA	NA
1845	1107	557
1846	15	749
1847	NA	899
1848	NA	NA
1855	NA	21
1858	NA	NA
1859	NA	NA
1871	NA	NA
1872	17	NA
1873	1714	NA
1874	NA	NA
1876	15	425
1877	575	426
1878	564	NA
1879	NA	NA
1880	1643	1072
1881	743	NA
1882	NA	901
1883	564	1258
1884	743	1109
1885	15	752
1887	1223	1260
1889	1233	1261
1890	NA	1082
1891	1201	1079
1892	NA	1665
1893	NA	1078
1894	NA	571
1895	NA	1077
1896	NA	1645
1897	NA	1451
1899	NA	NA
4749	NA	1104
1900	NA	1483
1901	NA	1553
1902	NA	1096
1903	NA	1451
1904	NA	1264
1906	NA	752
1907	NA	748
1908	15	1583
1909	NA	1622
1910	NA	19
1911	NA	19
1913	NA	1774
1914	NA	1756
1915	575	1662
1916	NA	1750
1917	NA	1586
1918	NA	1094
1919	NA	420
1920	1223	1098
1921	1203	425
1925	NA	577
1926	NA	1606
1927	NA	557
1928	NA	906
1929	1621	906
1931	NA	1096
1932	NA	205
1933	NA	205
1934	NA	1610
1935	NA	1814
1936	NA	1264
1937	NA	1618
1938	NA	424
1939	1223	424
1940	575	1597
1941	NA	555
1942	NA	755
1943	NA	1665
1944	421	1742
1945	NA	1663
1946	743	13
1947	NA	1712
1948	NA	1108
1949	NA	753
1951	1715	NA
1952	NA	904
1953	575	902
1954	NA	418
1955	NA	418
1956	NA	1259
1957	NA	1836
1959	NA	1781
1960	1201	NA
1961	NA	1805
1962	NA	1744
1963	564	1089
1964	NA	1741
1965	NA	1243
1966	NA	1225
1967	NA	1848
1968	NA	1605
1969	NA	1623
1970	NA	1109
1971	NA	1109
1972	NA	1261
1973	17	1660
1974	1883	1664
1975	NA	303
1976	NA	1763
1979	NA	36
1980	743	1638
1981	1714	1073
1982	NA	1748
1983	NA	1754
1984	NA	1645
1985	NA	1226
1987	1223	24
1988	1223	24
1989	17	1260
1990	NA	1090
1991	NA	1090
1992	1201	749
1993	1223	1242
1994	900	1242
1995	NA	572
1996	NA	1288
1997	NA	1747
1998	NA	1101
1999	NA	1262
2000	NA	1825
2001	NA	1255
2002	575	1244
2003	NA	553
2004	NA	22
2005	NA	22
2006	NA	1641
2007	1201	751
2008	NA	1639
2009	NA	1822
2010	NA	1777
2011	NA	11
2012	NA	1626
2013	NA	1771
2014	NA	1897
2016	1223	1076
2017	NA	1631
2018	1107	1877
2019	NA	1082
2020	NA	1082
2021	NA	1263
2022	NA	23
2023	1107	1079
2024	NA	1552
2026	NA	1514
2027	1201	NA
2028	1714	1899
2030	NA	1713
2031	1740	1649
2032	NA	1761
2033	NA	1827
2034	1223	1097
2035	NA	1820
2037	NA	423
2038	1233	422
2039	1621	551
2040	1223	426
2041	NA	1891
2042	15	1251
2043	NA	1817
2044	1614	1882
2045	NA	1798
2046	NA	1252
2047	NA	574
2048	NA	21
2050	1099	14
2051	NA	1858
2052	NA	1859
2053	NA	NA
2054	1067	1632
2055	1719	571
2056	NA	571
2057	NA	754
2058	NA	754
2059	NA	1880
2060	NA	1258
2061	NA	901
2063	NA	910
2064	NA	1072
2065	NA	NA
2066	1604	899
2067	NA	904
2068	NA	1083
2069	NA	1095
2070	NA	1102
2071	1201	1246
2072	1722	747
2073	1615	905
2074	NA	1554
2075	900	560
2076	1107	NA
2077	NA	1106
2078	NA	1767
2080	NA	1844
2083	NA	1841
2084	NA	1769
2085	NA	1876
2087	NA	1821
2088	NA	1666
2089	NA	1773
2090	NA	1834
2091	NA	1779
2093	NA	1810
4750	NA	1038
4751	NA	1104
4752	NA	1633
42	NA	NA
43	NA	NA
84	NA	NA
2094	NA	1741
2095	NA	1094
2096	NA	1246
2097	1604	27
2098	575	1073
2099	NA	577
2100	NA	1097
2101	NA	1106
2102	NA	1260
2103	1764	902
2104	NA	24
2105	NA	755
2106	NA	910
2107	NA	36
2108	NA	1887
2109	NA	1899
2110	1223	1082
2111	900	906
2112	1067	1552
2113	NA	1258
2114	NA	1095
2115	1721	905
2116	NA	1255
2117	NA	1243
2118	NA	1284
2119	NA	1252
2120	NA	1262
2121	1099	415
2122	NA	1820
2123	NA	1226
2124	NA	1101
2125	NA	1649
2126	NA	1109
2127	1201	1109
2128	1884	1553
2129	NA	1805
2130	NA	28
2131	NA	1877
2132	NA	1090
2133	1223	1661
2134	NA	747
2135	895	1665
2136	NA	NA
2138	1629	NA
2139	NA	NA
2140	NA	NA
2141	1587	1104
2142	NA	NA
2143	1884	1882
2145	NA	NA
2146	NA	1256
2147	NA	NA
2148	NA	NA
2149	NA	1817
2150	421	NA
2151	NA	NA
2152	NA	NA
2153	1629	NA
2154	NA	1483
2155	NA	NA
2156	NA	NA
2157	NA	NA
2159	1646	1251
2160	NA	NA
2162	NA	904
2163	26	1225
2164	1782	1260
2165	NA	1244
2167	1714	1083
2168	NA	1289
2169	1720	1079
2170	1714	1078
2171	17	1080
2172	NA	1082
2173	1615	1586
2174	NA	1072
2175	NA	1288
2176	NA	1098
2177	NA	1662
2178	NA	425
2179	1201	749
2180	1615	751
2181	NA	1090
2182	NA	1606
2183	NA	2023
2184	743	1633
2185	1714	NA
2186	NA	1742
2187	1223	1825
2188	1751	1767
2189	1629	1103
2190	1629	1103
2191	1223	1664
2193	NA	1077
2194	1720	1821
2195	1107	1259
2196	1223	1757
2197	NA	574
2198	NA	1841
2199	NA	1038
2200	NA	574
2201	1646	1756
2202	NA	1787
2203	1600	1263
2204	1107	1263
2205	NA	1242
2207	1201	NA
2208	NA	904
2209	NA	1101
2210	NA	1666
2211	NA	1660
2212	NA	1663
2213	NA	NA
2214	26	1834
4753	NA	1105
4754	NA	21
8477	NA	1885
8478	1629	1891
8481	1615	751
8482	NA	1981
37	NA	NA
41	NA	NA
58	NA	NA
63	NA	NA
69	NA	NA
82	NA	NA
2215	NA	1483
2216	NA	1260
2217	NA	1264
2218	NA	1553
2219	NA	904
2220	NA	1097
2221	NA	1103
2222	NA	11
2223	NA	1226
2224	NA	1805
2225	NA	1105
2226	NA	1817
2227	NA	1817
2228	NA	1661
2229	NA	1661
2230	NA	1096
2231	NA	1096
2232	1223	1834
2233	NA	1553
2234	NA	1586
2235	1871	1820
2236	2136	1820
2237	NA	1101
2238	NA	1101
2239	1223	1289
2240	NA	28
2241	NA	1606
2242	20	910
2243	NA	1633
2244	NA	2066
2245	1587	1098
2246	1223	2076
2247	1223	2146
2248	1874	1741
2249	2145	1108
2250	NA	1094
2252	1883	1662
2253	1223	1095
2254	2138	1080
2255	2115	906
2256	NA	1981
2257	1223	1090
2258	NA	1090
2259	1223	1259
2260	NA	1244
2261	1287	2128
2262	1878	1664
2263	2140	1664
2264	NA	2176
2265	2156	29
2266	1874	1109
2267	1874	1109
2268	NA	2165
2269	NA	1082
2270	1874	1106
2271	1878	2064
2272	NA	2168
2273	1587	24
2274	1871	1821
2275	NA	1073
2276	NA	2177
2277	2065	2069
2278	1883	1262
2279	1871	1255
2280	1878	2071
2281	NA	1079
2282	1884	2053
2283	NA	905
2284	NA	747
2285	20	1877
2286	1890	1104
2287	1881	2175
2288	NA	1663
2289	NA	1663
2290	1871	1554
2291	NA	1554
2292	1587	1258
2293	NA	2120
2294	NA	1251
2295	20	1649
2296	NA	2143
2297	NA	1072
2298	1878	751
2299	NA	2169
2300	1587	749
2301	1587	2171
2302	1960	577
2303	NA	1225
2304	NA	2097
2305	2133	1243
2306	NA	1288
2307	1881	1288
2308	1890	2067
2309	1587	1882
2310	2115	2179
2311	42	21
2312	NA	NA
2313	1872	1246
2314	1960	1586
2315	1884	1083
2316	1223	NA
2318	1872	NA
2319	NA	NA
2321	NA	NA
2322	1889	NA
2323	1223	1660
2324	1223	NA
2326	2149	NA
2327	NA	2105
2329	1889	NA
2330	1746	2154
2331	NA	NA
2332	NA	NA
2333	NA	NA
2334	NA	NA
2335	NA	NA
2337	1883	NA
2339	NA	36
2340	2156	29
2341	1889	1835
2342	NA	1077
2343	1872	1078
2344	1871	1769
2347	1287	NA
2348	NA	NA
2349	2142	2164
2350	1890	2178
2351	NA	2163
2352	1223	27
2353	NA	1242
2354	1223	1251
2355	2138	1263
2356	NA	1082
2357	NA	NA
2358	1960	1891
2359	20	1877
2360	1223	1095
2361	1874	1665
2362	1884	755
2363	1874	1899
2364	1874	1899
2365	2155	1255
2366	2103	1242
2367	NA	NA
2368	NA	2214
2369	1881	1252
2370	1872	751
2371	1881	2075
2372	42	574
2373	2121	1885
2374	2160	2167
2375	1883	1757
2376	1881	1252
2377	1587	NA
2378	1890	2073
2379	1223	1880
2380	NA	2109
2381	2132	2172
2383	1223	1887
2384	2126	2180
2385	NA	2113
2444	NA	1098
62	NA	NA
72	NA	NA
2389	NA	32
2390	NA	747
2391	NA	1226
2392	NA	1226
2393	2153	1080
2394	NA	2097
2395	NA	2241
2396	NA	1633
2397	NA	1243
2398	NA	1641
2399	NA	1096
2400	NA	1096
2401	NA	1104
2402	NA	1981
2403	NA	1105
2404	NA	1284
2405	2246	NA
2406	2138	1835
2408	NA	2245
2409	1587	425
2410	1878	1103
2411	NA	1879
2412	1223	1879
2413	NA	2105
2414	NA	2176
2415	NA	1264
2416	2332	2165
2417	2326	904
2418	NA	24
2419	1881	24
2420	NA	577
2421	1890	577
2422	1890	2163
2423	2173	1288
2424	NA	1288
2425	NA	2128
2426	2121	2273
2427	NA	2146
2428	NA	2146
2429	2142	NA
2431	2111	755
2432	2153	2066
2434	NA	2363
2435	2332	1097
2436	1878	1825
2437	1878	1825
2438	2142	2361
2439	NA	2364
2440	2106	1899
2441	2106	1899
2442	NA	2143
2443	NA	NA
2445	2106	1662
2446	2142	2291
2447	2115	1101
2448	2244	1101
2449	1587	1242
2450	NA	1242
2451	2156	2164
2452	NA	2164
2453	1223	1082
2454	NA	1082
2455	2290	2341
2456	1890	2178
2457	NA	2172
2458	NA	2278
2459	1871	1741
2460	1587	1259
2461	2142	1090
2462	2147	1090
2463	2213	1665
2464	NA	1106
2465	2254	27
2466	NA	906
2467	NA	906
2468	1883	1664
2469	2148	1664
2470	NA	1757
2471	NA	1757
2472	NA	1887
2473	NA	1887
2474	2142	910
2475	2121	2275
2476	NA	2168
2477	2147	2075
2478	2162	2272
2479	NA	2076
2480	1223	2177
2481	NA	1095
2482	NA	1095
2483	NA	1769
2484	2150	1769
2485	2153	36
2486	NA	1073
2487	1883	1072
2488	1587	2167
2489	2173	1255
2490	2150	1255
2491	NA	1251
2492	2297	1251
2493	2132	2214
2494	2132	29
2495	NA	2353
2496	42	1109
2497	2274	1109
2498	2348	1262
2499	2138	1289
2500	42	1877
2501	NA	1877
2502	2335	2366
2503	NA	1263
2504	NA	1660
2505	1890	1083
2506	2263	2069
2507	2312	2069
2508	2149	1820
2509	2115	1820
2510	2115	2374
2511	2148	2252
2512	NA	2313
2513	2322	1078
2514	1587	2154
2515	2173	1834
2516	NA	1880
2517	NA	2064
2518	NA	1649
2519	2115	1554
2520	1878	1663
2521	1223	2175
2522	2348	2073
2523	NA	1079
2524	2115	2302
2525	NA	1252
2526	1223	2262
2527	NA	2315
2528	NA	1882
2529	NA	2218
2530	17	751
2531	NA	1553
2532	NA	1553
2533	1889	1876
2534	2301	1784
2535	1587	1256
2536	1883	21
2537	2142	1246
2539	2256	2073
2540	2115	1885
2541	NA	2170
2542	1884	2314
2543	2123	2311
2544	2123	1225
2545	1587	749
2547	2150	32
2548	1223	902
2549	NA	1552
2550	2145	1552
2552	NA	2232
2553	NA	2295
2554	2305	NA
2555	1884	1666
2556	NA	2219
2562	2255	NA
2563	NA	NA
2564	NA	1258
2565	1889	2292
2568	2160	NA
2569	NA	30
2571	NA	2120
2572	2001	905
2573	2150	NA
2575	2124	NA
2576	2111	2360
2577	NA	2373
2578	NA	574
2579	2138	574
2580	NA	2356
2584	NA	2074
2585	2235	2074
2586	NA	1244
2587	NA	2260
2588	NA	2349
2591	NA	2316
2593	2115	2268
2595	NA	2071
45	NA	NA
61	NA	NA
70	NA	NA
2596	NA	2170
2597	NA	1784
2598	NA	2278
2599	NA	1289
2600	2269	1554
2601	1881	1225
2602	NA	2245
2603	1223	1264
2604	1881	2172
2605	2115	2349
2606	1881	2178
2607	1587	2323
2608	2115	2375
2609	1883	2218
2610	2213	2146
2611	2123	24
2612	2123	24
2613	2150	2262
2614	1223	1741
2615	2411	2154
2616	2151	1882
2617	2263	577
2618	2152	1757
2619	2294	1242
2620	2149	1097
2621	2111	2260
2622	NA	2165
2623	2270	2164
2624	NA	1259
2625	1889	1083
2626	2118	1073
2627	NA	1073
2628	2332	1664
2629	NA	2143
2630	2135	2368
2631	1587	2075
2632	NA	1256
2633	1871	1552
2634	1881	905
2635	NA	2363
2636	2142	2417
2637	2142	1080
2638	NA	2353
2640	2333	2364
2641	NA	1887
2642	2151	1258
2643	2065	1885
2644	1883	1662
2645	NA	1072
2646	NA	747
2647	NA	35
2648	NA	1665
2649	2115	910
2650	2115	1255
2651	NA	34
2652	1881	1079
2653	37	1104
2654	2321	1649
2655	NA	1880
2656	NA	1825
2657	NA	1663
2658	2331	1288
2659	NA	2337
2660	NA	1251
2661	NA	1244
2662	2322	1891
2663	1878	2167
2664	2124	1553
2665	42	NA
2666	1881	2069
2667	2160	2169
2668	2123	2076
2669	NA	2177
2670	2162	1246
2671	2162	1246
2672	NA	1586
2673	NA	1586
2674	NA	2168
2675	2115	2292
2676	NA	1876
2677	1878	36
2678	2136	1877
2679	2115	21
2680	2294	1981
2681	2540	NA
2682	2540	2369
2683	2540	30
2684	1878	NA
2685	2271	2073
2686	2153	1834
2688	2452	1664
2690	2133	NA
2691	NA	NA
2692	1889	NA
2693	42	NA
2694	NA	NA
2695	2173	2073
2696	2147	1089
2697	2099	2164
2698	2138	1660
2699	2148	2066
2700	NA	1877
2701	NA	1226
2702	NA	NA
2703	NA	1820
2704	NA	1101
2705	NA	NA
2706	2135	415
2707	2149	2071
2708	2111	NA
2709	2139	NA
2710	2148	NA
2711	2213	NA
2712	NA	NA
2713	2282	2356
2714	2160	2414
2715	2563	2176
2716	NA	1835
2717	2150	2371
2718	NA	2360
2719	2149	1666
2720	1883	1103
2721	NA	1103
2722	2126	2409
2723	1890	1098
2724	1889	1098
2725	2111	2473
2726	2149	2275
2727	2148	1109
2728	2148	1109
2729	2294	2351
2730	2118	2535
2731	42	1633
2732	NA	2479
2733	NA	2355
2734	2173	2569
2735	2334	2485
2736	2115	2379
2737	2115	1090
2738	2115	1090
2739	NA	2064
2740	NA	2378
2741	2126	2378
2742	2213	2359
2743	2160	2523
2744	2173	NA
2746	2123	2366
2747	NA	2374
2748	NA	1256
2750	2153	2420
2751	2445	2431
2752	NA	2358
2753	1883	1259
2754	NA	2373
2755	NA	2341
2756	2065	1769
2757	2294	1769
2758	42	1262
2759	2528	NA
2760	42	1262
2761	2152	2463
2762	NA	2214
2763	2334	2480
2764	2285	2341
2765	2115	2390
2766	2321	1899
2767	NA	2504
2769	NA	2365
2770	2263	2171
2771	1883	2236
2772	NA	1820
2773	NA	2462
2774	2330	2572
2775	NA	2252
2776	2335	2120
2777	NA	2536
2778	2142	2447
2779	NA	32
2780	NA	2549
2781	2136	2571
4331	NA	NA
59	NA	NA
65	NA	NA
66	NA	NA
68	NA	NA
75	NA	NA
79	NA	NA
80	NA	NA
83	NA	NA
2782	2303	2417
2783	NA	1553
2784	2115	2219
2785	2350	2171
2786	2350	2171
2787	2350	2367
2788	NA	1981
2789	NA	2154
2790	NA	2218
2791	NA	2319
2792	2162	2414
2793	2333	905
2794	2269	2431
2795	2115	2379
2796	2115	2176
2797	2563	2443
2798	2405	2360
2799	2135	2460
2800	2243	1098
2801	2157	2260
2802	2691	2356
2803	42	2356
2804	NA	2364
2805	2115	2164
2806	2115	2164
2807	2096	2363
2808	1881	1246
2809	1881	1246
2810	20	2569
2811	NA	2146
2812	NA	2479
2813	NA	1264
2814	NA	1264
2815	2280	NA
2816	2563	2178
2817	NA	2409
2818	2096	2172
2819	2157	2549
2820	NA	1103
2821	NA	1103
2822	NA	2163
2823	NA	577
2824	2618	577
2825	NA	24
2826	2136	24
2827	2354	1741
2828	2354	1741
2829	2662	2462
2830	2354	2066
2831	NA	1891
2832	2354	1097
2833	2156	2170
2834	1878	2353
2835	NA	2262
2836	2303	2262
2837	2157	1662
2838	2347	2627
2839	2136	1552
2840	NA	1552
2841	2372	1255
2842	2136	1664
2843	2096	1073
2844	2354	1825
2845	2354	1825
2846	2287	2236
2847	NA	2165
2848	2354	2323
2849	2354	2323
2850	1223	1225
2851	2354	2366
2852	1223	2643
2853	NA	2572
2854	2220	2341
2855	2303	2349
2856	2135	1256
2857	2157	1899
2858	2136	1899
2859	1881	1887
2860	2099	2375
2861	2136	1259
2862	1223	36
2863	2255	2252
2864	2157	2374
2865	NA	2421
2866	2220	2214
2867	2220	2214
2868	NA	2169
2869	2220	2368
2870	NA	2368
2871	2661	2523
2872	2694	1072
2873	NA	2167
2874	2220	35
2875	2605	2706
2876	2370	1663
2877	2115	1663
2878	NA	1757
2879	2135	2337
2880	2677	2168
2881	2321	2355
2882	NA	2465
2883	42	1820
2884	1587	1820
2885	1881	2177
2886	2255	2069
2887	2255	2069
2888	1223	1660
2889	2303	1660
2890	1223	1101
2891	1223	1101
2892	2700	1665
2893	2354	1242
2894	2354	1242
2895	2300	2075
2896	43	1882
2897	2136	1882
2898	2334	1262
2899	2300	1262
2900	2136	2607
2901	42	1666
2902	1881	2376
2903	2157	2339
2904	2126	2532
2905	2354	2647
2906	2354	2278
2907	2335	2359
2908	2126	30
2909	2661	2536
2910	2157	1880
2911	1890	2245
2912	2220	1288
2913	2135	1288
2914	NA	2342
2915	NA	2534
2916	2487	1554
2917	2487	1554
2918	1890	2686
2919	2135	2663
2920	42	1877
2921	42	1877
2922	NA	2447
2923	2115	1244
2924	NA	2476
2925	2354	2097
2926	NA	1079
2927	NA	1079
2928	NA	2358
2929	2300	1649
2930	NA	1109
2931	1884	1109
2932	2115	2073
2933	2282	1784
2934	2115	2292
2935	1890	1834
2936	2136	2064
2937	2300	2641
2938	1587	2608
2939	2115	2698
2940	2352	2637
2941	1881	2351
2942	20	1885
2943	2280	2707
2944	NA	910
2945	2096	2076
2946	1890	2369
2947	2096	1876
2948	2157	NA
2949	2269	2571
2951	NA	2545
2952	20	39
2956	2350	2343
2958	2115	1251
2959	2135	2071
2960	1884	NA
2962	2269	2365
2963	2596	2377
2964	2115	2073
2965	2331	NA
2966	42	NA
2968	2347	NA
2969	NA	NA
2970	NA	NA
2971	2354	NA
2972	2276	NA
2973	NA	NA
2974	2321	905
2975	2334	2666
2976	NA	2623
2977	2405	2360
2978	1223	2671
2979	2282	2676
2980	2136	2688
2981	2303	1887
2982	2096	2644
2983	2459	2683
2984	2614	2668
2985	2126	415
2986	2405	1104
2987	NA	2361
2988	2321	2373
2989	1881	2376
2990	2099	2699
2991	2126	747
2992	1223	2620
2993	NA	2617
2994	2285	2631
2995	NA	2651
4129	2563	NA
4561	NA	NA
2996	NA	2684
2997	NA	2683
2998	NA	2631
2999	2115	2374
3000	NA	35
3001	2096	2414
3002	NA	2176
3003	2702	2443
3004	2096	1264
3005	NA	2360
3006	2968	2275
3007	42	2627
3008	2287	2431
3009	NA	2245
3010	2303	1256
3011	NA	2358
3012	NA	2363
3013	2149	2364
3014	2287	1825
3015	2126	2401
3016	2096	1741
3017	20	2066
3018	2149	2676
3019	2135	2607
3020	2701	2353
3021	2331	2365
3022	2220	2341
3023	2303	2479
3024	NA	2465
3025	2282	2362
3026	2335	2165
3027	NA	2260
3028	NA	2361
3029	NA	2409
3030	2372	2172
3031	2115	2167
3032	2126	2460
3033	2520	2337
3034	2296	2169
3035	2096	905
3036	2220	2572
3037	2705	1664
3038	NA	2163
3039	2635	2637
3040	1881	2699
3041	2255	2369
3042	69	2177
3043	NA	2356
3044	NA	2356
3045	2096	1757
3046	2096	1757
3047	2333	1259
3048	1881	34
3049	2303	2262
3050	2136	2262
3051	2335	2688
3052	2347	2549
3053	1881	1255
3054	1890	1899
3055	69	2462
3056	2372	2376
3057	2321	2376
3058	2300	2236
3059	46	2421
3060	2269	2359
3061	2335	2168
3062	2126	2644
3063	NA	1820
3064	2126	747
3065	NA	2323
3066	2287	2323
3067	2705	2064
3068	2300	30
3069	2096	30
3070	2096	1552
3071	2126	2075
3072	2136	2536
3073	2303	2355
3074	2096	2373
3075	2405	2342
3076	2282	2375
3077	2096	1072
3078	2149	2366
3079	2149	2366
3080	NA	2569
3081	1878	1665
3082	2099	2447
3083	69	39
3084	2933	1663
3085	NA	2069
3086	69	1649
3087	69	1649
3088	2331	NA
3090	2149	1225
3091	2848	1251
3092	2303	2379
3093	2282	1877
3094	2300	1877
3095	2303	2073
3096	2303	2073
3097	NA	2534
3098	NA	1882
3099	NA	1882
3100	2321	2659
3101	NA	1891
3102	2352	2804
3103	2300	2707
3104	2126	1244
3105	42	1887
3106	2354	1885
3107	2282	1885
3108	1878	1660
3109	1878	2146
3110	NA	2218
3111	2271	1784
3112	2303	1880
3113	2303	1834
3114	2115	2339
3115	2115	2339
3116	NA	2377
3117	2810	2658
3118	2115	2632
3119	2303	2612
3120	1890	1079
3121	2126	1662
3122	NA	2617
3123	2099	1876
3124	2126	2374
3125	2115	2278
3126	2680	2686
3127	2255	2292
3128	2333	2666
3129	2135	2571
3131	2271	2367
3132	2929	2178
3133	NA	2170
3134	1890	1242
3135	2126	1258
3136	2303	1666
3137	2271	NA
3139	2220	2076
3140	2155	NA
3141	2331	NA
3142	2669	NA
3143	2239	2668
3144	2303	2623
3145	2239	2611
3147	NA	2800
3148	NA	2371
3149	2702	2792
3150	2220	2647
3151	2269	NA
3152	1881	1103
3153	2269	2885
3154	2333	2640
3155	2096	2178
3157	NA	2178
3158	2624	2941
3159	NA	2860
3160	2099	2821
3162	2303	2658
3163	2126	2853
3166	2354	1097
3167	70	2671
3168	2670	2909
3169	2096	2947
3170	2099	2829
3171	2115	2349
3172	2115	2349
3174	2864	2832
3175	2331	2834
3176	41	2908
3177	1890	2706
3178	41	1262
3179	41	2807
3181	NA	2892
3183	2096	2373
3184	NA	2641
3185	NA	2903
3186	2220	2214
3187	2220	2214
3188	42	1887
3189	1881	2697
3190	NA	2523
3191	42	2651
3192	2393	2698
3194	2520	2695
3197	NA	2942
4130	NA	2653
4332	NA	NA
4748	45	NA
78	NA	NA
81	NA	NA
3198	2616	2339
3199	2269	2364
3200	3139	2341
3201	43	2176
3202	2662	2323
3203	2303	2379
3204	1587	2443
3205	2096	2821
3206	1587	2360
3207	NA	2963
3208	2303	2245
3209	42	2627
3210	NA	2431
3211	2239	2146
3212	2239	2146
3213	2096	2154
3214	2096	2479
3215	2624	2363
3216	2135	24
3217	3081	48
3218	NA	2414
3219	NA	2611
3220	2115	2066
3221	2096	2167
3222	1881	2807
3223	2149	2337
3224	1878	2829
3225	1881	2172
3226	2661	2178
3227	2126	2373
3228	2661	2373
3229	2282	2218
3230	20	1741
3231	2096	2460
3232	20	2908
3233	2606	2532
3234	NA	2651
3235	NA	2925
3236	NA	2401
3237	1881	2260
3238	2335	2361
3239	NA	2617
3240	43	2409
3241	2126	2262
3242	2126	2262
3243	2933	2607
3244	2282	2359
3245	2115	2177
3246	2099	2374
3247	2115	2632
3248	NA	2375
3249	1587	2572
3250	2709	2163
3251	2354	2706
3252	1587	2706
3253	42	1664
3254	42	1664
3255	2969	2353
3256	NA	2536
3257	NA	1665
3258	69	2369
3259	2115	NA
3260	2487	2075
3261	NA	NA
3262	2405	2644
3263	NA	2236
3264	NA	2355
3265	2709	2365
3266	2321	2365
3267	2282	2631
3268	2614	2421
3269	2115	2421
3270	2648	1876
3271	2096	1877
3272	1878	1649
3273	2709	2292
3274	2303	1891
3275	2350	2071
3276	2494	2073
3277	2494	2073
3278	2488	2707
3279	2945	2342
3280	NA	2377
3281	2126	2942
3282	69	2699
3283	2661	2641
3284	NA	2417
3285	69	2170
3286	2795	2658
3287	2282	2698
3288	2354	2695
3289	2817	2830
3290	2303	2927
3291	2115	2637
3292	2354	2376
3293	2680	2447
3294	2635	1757
3295	2350	1880
3296	2372	2064
3297	2282	2686
3298	NA	2545
3299	2099	1834
3300	2269	2931
3301	46	2278
3302	NA	2367
3303	NA	2358
3304	2115	1251
3305	2303	2676
3306	2303	2676
3307	2303	2673
3308	69	2169
3309	2271	2214
3310	2968	NA
3311	2220	2966
3312	2096	2841
3313	2269	2873
3314	1881	2275
3315	2269	2921
3316	2681	1255
3317	NA	2688
3318	2372	2668
3319	2126	2076
3320	NA	2571
3321	2661	2549
3322	2662	2534
3323	2115	2523
3324	2303	2143
3325	63	NA
3326	2945	1079
3327	2136	NA
3328	2334	NA
3329	2335	NA
3330	2321	2612
3332	1890	NA
3333	2354	NA
3334	1881	NA
3335	81	NA
3336	2115	NA
3337	2287	NA
3339	NA	NA
3340	NA	2401
3341	3028	NA
3342	NA	2684
3343	2331	NA
3344	2303	NA
3345	70	NA
3346	2540	55
3347	41	NA
3351	2303	2845
3352	2220	1103
3353	NA	2640
3354	NA	1103
3355	2303	2842
3356	2096	2842
3358	2335	2804
3359	2220	2362
3360	2303	2861
3361	1881	2885
3363	3040	2847
3364	2303	2623
3365	2287	2610
3369	2115	3088
3370	2282	2697
3371	2817	2697
3372	NA	34
3373	2372	2853
3374	2354	2860
3375	1881	2799
3376	2563	2792
3377	3074	2903
3379	42	2843
3381	NA	2834
3382	2801	2683
3384	2801	2683
3385	NA	2899
3386	NA	1663
3387	NA	2703
3388	2126	2941
3390	2282	2069
3392	NA	2171
3393	42	2787
3394	NA	2964
3396	2350	1880
3397	NA	2260
4327	2573	NA
4328	NA	NA
4556	NA	NA
4557	3078	NA
4747	NA	NA
3398	41	2170
3399	2220	2341
3400	2220	2341
3401	2303	2176
3402	2693	2066
3403	2220	2853
3404	2677	1649
3406	NA	2154
3407	2682	2236
3409	NA	2623
3410	2220	2623
3411	3211	2443
3412	3290	3214
3413	77	3140
3414	2648	3076
3415	2563	2792
3416	2096	2361
3417	2220	1664
3418	2220	1664
3419	2704	2260
3420	79	2260
3421	4748	3033
3422	2297	2627
3423	2220	2375
3424	4331	2363
3425	2331	2807
3426	2096	2245
3427	2540	3027
3428	2708	2800
3429	2239	2861
3430	NA	2697
3431	2444	2819
3432	2331	2262
3433	2331	2262
3434	2685	2903
3435	NA	2903
3436	2303	2364
3437	4556	2275
3438	2852	2376
3439	NA	3111
3440	2614	2146
3441	2662	3088
3442	2096	3048
3443	2096	2167
3444	2303	3121
3445	2331	3237
3446	37	2860
3447	NA	2651
3448	NA	3259
3449	2662	2821
3450	37	2821
3451	NA	2169
3452	2661	2465
3453	NA	2465
3454	82	2075
3455	4556	2409
3456	77	2829
3457	2680	2829
3458	2614	2178
3459	2303	2178
3460	2710	2163
3461	2459	2163
3462	4556	2572
3463	2654	2355
3464	2297	2688
3465	3325	3241
3466	2096	2842
3467	2096	2842
3468	2331	2963
3469	2331	2368
3470	NA	2612
3471	2331	2834
3472	69	2707
3473	79	2931
3474	3238	3260
3475	2297	2536
3476	NA	2169
3477	59	2631
3478	2444	2830
3479	NA	2071
3480	3341	2071
3481	2331	3250
3482	2303	2637
3483	2303	2637
3484	2220	2964
3485	84	1834
3486	69	2172
3487	61	3201
3488	82	2873
3489	72	2899
3490	37	1891
3491	NA	2377
3492	NA	2658
3493	2852	2658
3494	2331	3123
3495	NA	3123
3496	NA	2523
3497	2162	2699
3498	NA	2799
3499	2444	2073
3500	NA	2073
3501	37	2069
3502	2933	2421
3503	2540	2421
3504	2540	2843
3505	NA	2686
3506	NA	3299
3507	2709	1255
3508	NA	3309
3509	2614	2379
3510	2096	2892
3511	2096	3226
3512	2444	2339
3513	2540	3014
3514	2884	2641
3515	NA	2641
3516	NA	3264
3517	NA	2695
3518	2274	3280
3519	3142	3298
3520	83	2908
3521	NA	2366
3522	41	2214
3523	2614	3209
3524	2704	3245
3525	NA	2571
3526	2970	1877
3527	69	2698
3528	NA	3236
3529	59	3293
3530	58	24
3531	2372	2666
3532	3292	2353
3533	2973	2076
3534	2708	2787
3535	2972	2365
3536	2614	3291
3537	NA	2640
3538	2096	2447
3539	NA	2921
3540	2614	2617
3541	2614	2617
3542	NA	3307
3543	3337	2373
3544	3281	2373
3545	3261	2611
3546	2795	2941
3547	2540	3324
3548	3296	2676
3549	2661	2804
3550	NA	2143
3551	2540	2632
3552	2708	2847
3553	4328	2460
3554	3312	51
3556	NA	53
3557	NA	2653
3558	2693	2942
3559	NA	1784
3560	2606	2534
3561	2352	2784
3562	2795	1876
3563	2661	2545
3564	2795	2706
3565	2220	2673
3566	69	2367
3567	3238	2378
3568	2817	1784
3569	41	2927
3570	NA	3116
3571	2710	NA
3572	3341	2610
3573	82	2323
3574	NA	1880
3575	69	54
3576	69	54
3577	2614	2607
3578	2795	3305
3580	2220	3248
3581	NA	2369
3582	2220	2479
3583	2680	2532
3584	2691	56
3586	NA	56
3587	3230	55
3588	3345	2342
3589	84	2358
3590	69	1079
3591	2563	1665
3592	2303	57
3593	2220	1741
3594	NA	2362
3595	2709	1251
3596	NA	3259
3597	2297	2374
3599	2540	NA
3600	66	3223
3601	2348	NA
3602	70	NA
3603	2712	2292
3604	2884	2168
3605	2297	NA
3606	2614	NA
3607	82	2401
3608	2970	2898
3609	2924	NA
3610	2459	NA
3611	2709	1877
3612	2971	NA
3613	NA	NA
3615	2096	3002
3616	2812	2659
3617	NA	3273
3618	2708	3203
3619	2614	3255
3620	2563	3263
3621	2614	3242
3622	NA	3274
3623	3343	3243
3624	NA	3222
3625	NA	3221
3626	58	3239
3629	2710	2668
3630	2096	3289
3631	3240	3268
3632	2096	1262
3633	3246	3301
4131	4748	2925
4322	2540	2925
4330	NA	NA
4552	NA	NA
4553	NA	NA
4554	2149	NA
4555	2709	NA
3635	2303	2245
3636	2661	2176
3637	2606	2064
3638	3336	2792
3639	2711	3014
3640	79	2668
3641	2540	2443
3642	2614	2379
3643	2708	3237
3644	NA	3209
3645	4332	2365
3646	2691	2146
3647	58	3123
3648	69	2534
3649	2662	2610
3650	NA	2666
3651	2680	2066
3652	4131	3088
3653	2096	2847
3654	2711	2640
3655	3306	2262
3656	2220	2262
3657	2704	3202
3658	2096	2260
3659	69	2821
3660	79	2465
3661	2372	3121
3662	2710	3236
3663	82	2362
3664	NA	3222
3665	2096	2364
3666	2704	1741
3667	2704	1741
3668	2540	2807
3669	NA	2323
3670	61	2323
3671	2965	3199
3672	2220	2363
3673	2662	56
3674	2969	2697
3675	46	2697
3676	69	2401
3677	NA	2154
3678	2606	3319
3679	2274	2373
3680	2274	2373
3681	2279	2611
3682	2096	3324
3683	47	2623
3684	NA	2834
3685	2795	2460
3686	2662	2409
3687	3142	2409
3688	2372	3214
3689	83	2804
3690	NA	3263
3691	2712	2800
3692	72	2631
3693	58	2612
3694	69	2632
3695	2357	3129
3696	2662	2861
3697	2624	2172
3698	3322	3242
3699	2540	2651
3700	2704	2572
3701	2096	2607
3702	2303	2637
3703	2279	2637
3704	2795	2829
3705	46	3289
3706	2709	73
3707	2709	73
3708	3575	3048
3709	2279	2931
3710	2372	3250
3711	NA	3282
3712	NA	2169
3713	NA	2366
3714	58	2366
3715	2710	2369
3716	2614	2706
3717	2614	2853
3718	2096	2842
3719	2220	2075
3720	72	3260
3721	3283	2167
3722	72	2830
3723	2303	2236
3724	61	2841
3725	2704	2549
3726	NA	2178
3727	3302	2178
3728	2795	2367
3729	3475	2941
3730	2645	2375
3731	NA	2871
3732	41	2278
3733	2681	2898
3734	72	2843
3735	2691	1649
3736	2685	3076
3737	58	2695
3738	2708	2377
3739	2220	2908
3740	2220	2908
3741	3317	2658
3742	2708	2658
3743	2708	2536
3744	2972	2617
3745	3339	2617
3746	2540	2353
3747	2540	2873
3748	82	3221
3749	2817	2177
3750	83	3009
3751	2704	2683
3752	NA	2683
3753	3317	30
3754	2220	3326
3755	82	2906
3756	2662	2214
3757	3261	2686
3758	4129	2799
3759	82	2168
3760	2685	2860
3761	NA	2361
3762	2540	2292
3763	NA	2921
3764	2220	2073
3765	3410	2073
3766	NA	2684
3767	NA	1666
3768	2711	2374
3769	2540	2698
3770	41	2076
3771	NA	NA
3772	3112	2787
3773	2884	1891
3774	2709	2899
3775	2648	2447
3776	2540	2447
3777	2239	1877
3778	3337	3533
3779	2220	2358
3780	2220	2358
3781	2817	57
3782	72	3002
3783	2709	2703
3784	2711	55
3785	3551	2337
3786	3318	3027
3787	NA	2673
3788	2709	2341
3789	70	2707
3790	3451	3307
3791	4129	2699
3792	2494	2676
3793	2795	2676
3794	46	1880
3795	47	1663
3796	2884	51
3797	79	NA
3798	2096	2359
3799	2444	NA
3800	72	2641
3801	2494	2641
3802	2614	1834
3803	2693	2545
3804	63	2170
3805	3320	NA
3806	2239	3303
3807	2096	2275
3808	2540	75
3809	3296	3255
3810	2693	2342
3811	2096	3203
3812	NA	54
3813	NA	54
3814	NA	2963
3815	2645	2421
3816	2459	3111
3817	NA	2784
3818	70	2942
3819	41	2903
3820	2348	2892
3821	2662	2964
3822	2710	NA
3823	84	NA
3824	58	NA
3825	2540	NA
3826	2884	3140
3828	47	2505
3829	2614	3248
3831	2303	3522
3832	84	3330
3833	2303	2245
3836	3230	3293
3837	58	3276
3838	2096	2479
3839	2648	3259
3840	NA	3224
3841	NA	3300
3842	NA	3473
3843	2712	3552
3844	2344	3416
3845	3339	3438
3847	2884	3473
3848	NA	2163
3849	NA	2163
3851	NA	3440
3852	NA	3232
3853	3320	3201
3855	3251	3268
3858	2303	3291
3861	2096	3606
3866	72	2071
4103	2661	2627
4104	2924	2644
4105	79	NA
4132	2702	NA
4133	3286	NA
4134	70	NA
4303	NA	NA
4308	NA	NA
4326	2970	NA
4521	NA	NA
4546	NA	NA
4547	2709	NA
4548	2924	NA
4549	NA	NA
4550	NA	NA
4551	NA	NA
5695	NA	NA
3878	2444	2861
3879	NA	3730
3880	65	2066
3881	2680	2176
3882	2852	3237
3883	3295	51
3884	2662	2627
3885	2933	2379
3886	2662	2800
3887	2795	3123
3888	3318	3140
3889	2812	3260
3890	2708	3440
3891	2540	2623
3892	3333	3552
3893	2856	2617
3894	2540	2421
3895	3271	2421
3896	2693	2163
3897	2933	3571
3898	3141	3276
3899	3442	2146
3900	2096	2146
3901	2970	3222
3902	3306	3577
3903	3344	2572
3904	3327	3202
3905	2540	2154
3906	3306	2804
3907	2662	2847
3908	3142	2178
3909	2795	2706
3910	2662	2409
3911	4129	3239
3912	3333	2610
3913	3343	3300
3914	2444	3214
3915	2795	2637
3916	2708	2637
3917	47	2353
3918	47	2353
3919	3341	2668
3920	77	3478
3921	2709	2245
3922	2970	2821
3923	2372	3445
3924	NA	2460
3925	NA	2963
3926	4552	2963
3927	2662	2260
3928	2971	3236
3929	2372	75
3930	2708	2076
3931	82	2369
3932	2444	2834
3933	2444	2834
3934	NA	3314
3935	NA	3314
3936	67	2853
3937	80	2941
3938	2540	2941
3939	2662	2073
3940	47	2073
3941	2372	3009
3942	2624	2476
3943	3545	3289
3944	2693	2640
3945	2708	2860
3946	3320	68
3947	2662	2549
3948	3317	2611
3949	2563	3291
3950	2693	2861
3951	2965	3255
3952	NA	2707
3953	2795	2707
3954	83	2829
3955	61	2275
3956	NA	2903
3957	3531	3209
3958	2708	3319
3959	2709	2401
3960	2614	3221
3961	83	2807
3962	65	2536
3963	2971	2697
3964	2970	2697
3965	NA	3307
3966	NA	2631
3967	NA	2666
3968	2444	2695
3969	3141	3250
3970	NA	2342
3971	2693	2479
3972	61	2262
3973	61	2262
3974	2372	2931
3975	3346	2375
3976	2372	2607
3977	NA	3428
3978	3262	3223
3979	2812	2364
3980	2662	2168
3981	2540	2632
3982	2880	3242
3983	NA	2908
3984	72	2676
3985	2372	30
3986	2970	3443
3987	NA	2684
3988	NA	3326
3989	NA	2534
3990	3347	2799
3991	47	3259
3992	NA	2167
3993	2708	3048
3994	2096	2873
3995	2494	2898
3996	2965	3199
3997	2973	2885
3998	2973	2885
3999	61	3282
4000	46	2787
4001	NA	3490
4002	2693	2075
4003	4129	3027
4004	72	2699
4005	2614	2843
4006	NA	2843
4007	83	3248
4008	3556	3324
4009	2972	2819
4010	2969	2906
4011	47	2177
4012	84	3129
4013	79	2236
4014	2680	3014
4015	3794	2376
4016	2933	3420
4017	3671	2651
4018	82	2644
4019	2331	2362
4020	3344	3564
4021	2372	2683
4022	83	2323
4023	83	2323
4024	2096	2892
4025	3783	3265
4026	62	3272
4027	2708	2069
4028	2708	2069
4029	82	2921
4030	82	2921
4031	NA	3203
4032	3406	2361
4033	3296	3431
4034	2933	2218
4035	3271	2278
4036	2540	2703
4037	NA	74
4038	3797	74
4039	2662	3224
4040	79	2377
4041	2817	3111
4042	2709	2964
4043	NA	2673
4044	82	1880
4045	2540	2292
4046	3320	2447
4047	3320	2447
4048	2708	2686
4049	3317	2686
4050	4327	2358
4051	47	3567
4052	2795	1834
4053	2710	3273
4054	79	2378
4055	NA	2214
4056	NA	2214
4057	3295	2899
4058	2352	3232
4059	NA	2337
4060	NA	3607
4061	4131	3592
4062	2693	2942
4063	NA	4522
4064	2662	3198
4065	3549	3748
4066	NA	2571
4067	72	3753
4068	2970	3533
4069	79	4304
4070	47	3548
4071	2096	3538
4072	2614	1876
4073	NA	2443
4074	2968	2612
4075	NA	3316
4076	3318	2360
4077	2709	3002
4078	2662	2842
4079	2662	2842
4080	2662	3471
4081	3302	3330
4082	2693	3201
4083	3142	2617
4085	78	3677
4086	2965	4306
4087	NA	3725
4088	3612	2853
4089	2708	3469
4090	2372	2443
4092	2710	2505
4094	2614	3692
4100	2817	3704
4106	NA	3088
4107	2096	2830
4108	NA	2071
4109	2969	3559
4110	2933	3268
4111	3772	2170
4112	NA	3589
4113	2693	2545
4114	NA	3563
4115	NA	3303
4116	NA	2784
4117	3141	2367
4118	79	2927
4119	46	2871
4120	2852	54
4121	3613	2966
4122	2614	3033
4123	3292	3786
4124	3230	57
4125	3320	3121
4126	3318	3076
4135	2540	2698
4136	2357	3100
4137	NA	2174
4139	2795	3328
4140	2972	NA
4141	NA	NA
4142	2563	NA
4143	2933	3301
4144	2970	NA
4147	84	NA
4149	84	NA
4321	3227	NA
4545	NA	NA
5696	2924	NA
5720	NA	NA
4150	61	2379
4151	3310	2829
4152	77	2804
4153	2709	2479
4154	4129	51
4155	3731	3440
4156	3142	3209
4157	2709	2364
4158	72	3201
4159	3286	2853
4160	2856	3222
4161	NA	3552
4162	4134	3324
4163	2933	3319
4164	82	3214
4165	3514	3533
4166	3142	3571
4167	2662	3002
4168	3290	3330
4169	NA	2607
4170	2970	3300
4171	61	2847
4172	2708	3202
4173	72	3259
4174	2972	3048
4175	82	2245
4176	2708	2323
4177	2614	2262
4178	3700	3123
4179	3341	3471
4180	82	2683
4181	3327	3221
4182	4129	3681
4183	NA	3469
4184	2969	2861
4185	3514	2800
4186	82	2807
4187	82	2807
4188	NA	3111
4189	2708	3414
4190	3568	2668
4191	3947	3009
4192	2239	3232
4193	NA	3291
4194	NA	3282
4195	3345	2841
4196	3286	3289
4197	3325	3445
4198	NA	3248
4199	2614	2706
4200	72	2375
4201	2709	3129
4202	4129	3203
4203	2708	2830
4204	83	2549
4205	3612	2834
4206	2708	2834
4207	3700	2684
4208	NA	2787
4209	4129	3564
4210	2708	3255
4211	4555	53
4212	4130	2931
4213	3345	2860
4214	2709	3265
4215	4748	3420
4216	66	3076
4217	2662	3250
4218	4141	2342
4219	NA	3223
4220	3906	3609
4221	61	3592
4222	2972	54
4223	2709	2799
4224	2709	2908
4225	67	2908
4226	66	3237
4227	3711	3224
4228	2662	3268
4229	NA	2699
4230	NA	3538
4231	4328	3443
4232	NA	2873
4233	3447	3607
4234	2969	2460
4235	3346	2659
4236	2662	2892
4237	2933	2942
4238	NA	2686
4239	47	3589
4240	2709	3273
4241	2709	2703
4242	2710	3121
4243	3442	3704
4244	NA	3316
4245	NA	3583
4246	NA	4300
4247	NA	4300
4248	3345	3759
4249	83	4301
4250	67	3567
4251	2681	3198
4252	3344	3771
4253	NA	2927
4254	4141	2784
4255	2662	3473
4256	3345	3303
4257	2856	3314
4258	2933	3738
4259	NA	2066
4260	3286	2367
4261	47	2367
4262	82	3490
4263	82	2377
4264	3509	3307
4265	61	3328
4266	3253	2698
4267	NA	2627
4268	47	75
4269	3295	2505
4272	2708	3428
4273	3281	4303
4275	2970	4104
4276	2708	3725
4277	NA	3260
4280	NA	3330
4281	2973	4103
4283	4129	3662
4284	2970	3885
4286	NA	3748
4287	2459	3636
4288	2662	3641
4289	NA	3782
4290	4332	4305
4291	NA	3762
4292	3267	4106
4293	NA	2631
4294	3442	4004
4295	NA	2925
4296	4326	2963
4297	2645	3279
4298	2239	2676
4299	NA	2963
4309	2933	2174
4310	2970	4121
4311	2969	4304
4312	2239	3236
4313	2459	3659
4314	2968	4322
4315	2239	4306
4316	3261	3468
4317	NA	2673
4318	66	3488
4319	NA	3326
4320	2933	2640
4323	NA	NA
4324	3261	NA
4325	3442	NA
4503	3545	NA
4533	2606	NA
4534	2971	NA
4535	NA	NA
4536	NA	NA
4537	65	NA
4538	NA	NA
4539	4056	NA
4540	NA	NA
4541	NA	NA
4542	61	NA
4544	NA	NA
4719	NA	NA
4741	3286	NA
4742	4554	NA
4743	3442	4301
4744	2563	NA
4745	3327	3234
4746	NA	NA
5406	NA	NA
5408	NA	NA
5417	NA	NA
5710	4554	NA
6062	72	NA
6063	NA	NA
6075	NA	NA
6310	2274	NA
6315	NA	NA
4333	3318	2941
4334	3318	2941
4335	2973	2460
4336	3346	3289
4337	2973	3248
4338	4222	3440
4339	3346	3009
4340	4156	3088
4341	3318	2800
4342	3711	2379
4343	3318	75
4344	3442	3201
4345	4328	3945
4346	3306	3881
4347	3318	2262
4348	4209	2262
4349	4559	3552
4350	4332	3552
4351	NA	2861
4352	2969	2861
4353	4328	3659
4354	2709	3478
4355	4552	2829
4356	3442	2829
4357	4546	3533
4358	61	4106
4359	77	3428
4360	61	2607
4361	77	2931
4362	3318	2847
4363	4328	3202
4364	4559	4104
4365	4555	4306
4366	2971	3968
4367	3306	2830
4368	4332	3076
4369	3799	3420
4370	4559	3324
4371	4545	4008
4372	3700	4004
4373	3317	2841
4374	61	2364
4375	4552	3469
4376	4131	3224
4377	3311	2804
4378	4332	3445
4379	77	3759
4380	61	2631
4381	77	4051
4382	2709	3954
4383	NA	2549
4384	NA	3330
4385	3799	3236
4386	2971	4217
4387	3799	3725
4388	4328	2834
4389	77	2834
4390	3442	3222
4391	4131	3222
4392	77	2699
4393	4209	3123
4394	4328	2683
4395	3612	3250
4396	3442	2479
4397	4332	3203
4398	61	2807
4399	3317	2640
4400	4553	2908
4401	4553	2908
4402	4331	2323
4403	4331	2323
4404	4328	3431
4405	3346	3300
4406	61	2706
4407	61	2706
4408	4546	3885
4409	61	2807
4410	3285	2668
4411	4332	3282
4412	NA	3303
4413	4327	3259
4414	4177	3214
4415	4537	2853
4416	3442	3651
4417	4553	3471
4418	3346	3471
4419	4332	3316
4420	4327	3636
4421	4747	NA
4422	4747	NA
4423	4325	3771
4424	4545	2819
4425	4550	4103
4426	3281	3641
4427	3292	3221
4428	2709	3221
4429	4546	3443
4430	2971	3662
4431	4559	4305
4432	4559	3734
4433	2971	3564
4434	3612	3111
4435	4553	3762
4436	4328	3704
4437	4330	3473
4438	3318	2873
4439	NA	4166
4440	NA	3237
4441	NA	54
4442	5406	54
4443	3318	3538
4444	2645	3268
4445	2709	2627
4446	4521	3255
4447	4521	3255
4448	4191	3209
4449	4330	3748
4450	2971	3592
4451	NA	4322
4452	NA	2707
4453	NA	2963
4454	2971	2377
4455	3593	3314
4456	4539	3414
4457	4210	3609
4458	4330	3232
4459	NA	2787
4460	4559	3796
4461	2645	3607
4462	NA	3490
4463	45	3260
4464	3285	2686
4465	3593	3291
4466	4328	3291
4467	4188	3567
4468	4324	3567
4469	4262	2342
4470	NA	3265
4471	4553	2367
4472	4534	4170
4473	4546	3198
4474	4216	3307
4475	4521	2927
4476	3442	4187
4477	NA	4256
4478	3318	4068
4479	3296	2245
4480	4203	3201
4481	4553	3275
4483	3318	4169
4484	4328	2066
4485	6310	4161
4486	4230	4153
4487	4131	4151
4489	4131	4195
4490	NA	4259
4491	4185	3268
4492	4159	4212
4493	4332	4155
4494	3711	4242
4496	3318	4314
4497	4332	4243
4498	NA	4257
4499	4209	4261
4500	3658	4183
4501	4332	4238
4502	NA	4232
4504	3281	4193
4505	2971	4239
4506	3292	2368
4507	3286	3328
4508	4254	4250
4509	4188	3589
4510	2971	2784
4511	3317	3782
4512	4539	2401
4513	3612	4317
4514	3612	3326
4515	4328	3301
4516	4560	3488
4517	NA	4522
4518	3286	2892
4519	77	2892
4520	3612	3468
4524	3658	3121
4525	NA	3583
4527	4552	2653
4528	4550	NA
4529	3318	2942
4530	4553	NA
4531	4556	NA
4532	4556	NA
4562	4554	4304
4687	4328	3129
4688	3612	3559
4689	4332	3692
4690	NA	3223
4734	NA	3319
4735	4235	3681
4736	4330	NA
4737	4745	NA
4739	4741	4226
4740	4329	NA
5239	NA	NA
5240	NA	NA
5250	3292	4190
5404	NA	NA
5409	NA	NA
5410	4331	NA
5415	81	NA
5416	3346	NA
5714	NA	NA
5721	4156	3234
6073	NA	NA
6074	NA	NA
6282	77	NA
6325	NA	NA
9999131	4552	NA
9999130	4554	NA
9999129	4555	NA
9999128	4556	NA
9999126	NA	4321
9999124	4328	NA
9999117	NA	NA
9999116	2971	NA
9999114	4556	NA
9999112	4332	NA
9999106	4561	NA
9999105	5406	NA
9999104	4556	NA
9999102	2645	NA
999998	NA	NA
999997	4557	NA
999995	3658	NA
999994	NA	NA
999993	4556	NA
999991	4533	NA
999990	4556	NA
999981	4557	NA
999978	NA	NA
999977	2971	NA
999975	3442	3662
999973	NA	NA
999970	3285	NA
999969	61	NA
999967	NA	NA
999966	4546	NA
999961	4554	NA
999958	61	NA
999950	2709	NA
999946	4553	NA
999945	4554	NA
999944	5408	NA
999942	5409	NA
999937	4163	NA
999935	2971	NA
999931	4556	NA
999927	4205	NA
999926	61	NA
999925	2709	NA
999921	4329	NA
999920	5695	NA
999913	4538	NA
99998	4561	NA
99996	4747	NA
99993	3799	NA
4563	NA	2941
4564	4557	2323
4565	4332	3725
4566	4332	2364
4567	4553	2941
4568	4179	3203
4569	2971	3268
4570	4552	3268
4571	3442	3968
4572	4323	3291
4573	4381	3471
4574	4205	3471
4575	4740	3589
4576	4209	2861
4578	4172	3567
4579	4332	4217
4580	4327	4529
4581	3286	2829
4582	4536	4395
4583	3593	3255
4584	4552	4051
4585	6062	3589
4586	4549	2686
4587	4737	3567
4588	3799	4250
4589	4203	4441
4590	4262	2684
4591	61	2367
4592	4159	2706
4593	4531	2683
4594	NA	2460
4595	3556	3428
4596	4235	3282
4597	4554	4243
4598	4555	3641
4599	77	3607
4600	4548	3704
4601	3556	NA
4602	4172	4366
4603	61	4193
4604	4555	3255
4605	4551	4261
4606	4177	3564
4607	4536	3250
4608	4327	2873
4609	4332	4158
4610	4553	3636
4611	4328	NA
4612	4326	4522
4613	4318	4522
4614	4547	4232
4615	NA	4687
4616	3612	3316
4617	4553	3121
4619	4332	4517
4620	4561	2640
4621	3612	3316
4622	4211	4161
4623	4552	4242
4624	3612	4244
4625	4747	4104
4626	61	3488
4627	4177	4241
4628	4329	3265
4629	4557	2703
4630	4330	4256
4631	4203	3303
4632	NA	4459
4634	4552	NA
4635	4229	3490
4636	4323	2784
4637	4324	2342
4638	4561	2787
4640	3311	3738
4641	4251	3273
4642	4557	3692
4643	4209	3692
4644	4327	4238
4645	3296	3198
4646	3292	4469
4647	4194	4169
4648	NA	3330
4649	4328	4212
4650	4235	4227
4651	61	2931
4652	4328	2908
4653	3311	3473
4654	4446	2607
4655	3311	4309
4656	4425	2927
4658	4229	NA
4659	NA	30
4660	2645	4266
4661	4332	3121
4662	4533	3202
4663	2645	2861
4664	3296	53
4665	4327	4153
4667	NA	3954
4668	4553	3248
4669	4561	3414
4670	5417	4314
4671	NA	4690
4672	NA	4305
4673	4532	3771
4674	3346	3009
4675	3317	2860
4676	4234	4239
4677	4719	4166
4678	4230	3659
4679	4328	3659
4680	4737	3469
4681	4327	3224
4682	2971	4183
4683	4327	3762
4684	4549	4259
4685	4747	3748
4686	3799	3563
4691	NA	2505
4692	NA	2377
4693	NA	4184
4694	NA	4444
4695	NA	4387
4696	NA	4456
4697	NA	4187
4698	NA	4187
4702	NA	4399
4703	NA	4359
4704	NA	4359
4705	NA	4368
4707	NA	4458
4708	NA	4339
4710	NA	4151
4712	NA	4157
4714	NA	4400
4715	NA	4416
4716	NA	4464
4718	NA	4432
4731	4144	4739
5241	NA	NA
5253	4447	4369
5255	NA	4380
5257	4535	5239
5258	NA	4364
5259	4156	4379
5260	NA	4392
5261	3292	4410
5262	NA	4414
5263	NA	4420
5264	NA	4445
5265	4539	4449
5266	NA	4465
5267	NA	4470
5270	4332	2375
5271	NA	2341
5272	NA	2377
5273	61	2379
5275	NA	2360
5276	81	2549
5277	NA	2401
5278	4447	2627
5279	NA	2653
5280	4332	2707
5281	NA	2668
5282	3556	2699
5283	4536	2631
5284	NA	2659
5285	81	2925
5286	NA	2804
5287	NA	2800
5288	NA	2807
5289	NA	2807
5292	NA	2942
5293	4177	2892
5294	4394	2834
5296	NA	3123
5297	NA	3123
5298	4332	3088
5299	4544	3002
5300	NA	3076
5301	3612	3129
5302	NA	3129
5303	3593	3048
5304	3292	3048
5305	NA	2830
5306	4553	3324
5307	4328	3222
5308	4328	3222
5309	NA	3221
5310	4745	3289
5311	3292	3319
5312	4327	3223
5313	4555	3314
5314	NA	3314
5315	3346	3236
5316	NA	3236
5317	NA	3330
5318	3311	3307
5319	NA	3307
5320	4547	3232
5321	NA	3237
5322	NA	3300
5323	NA	3300
5324	NA	3214
5325	4447	3214
5326	NA	3201
5327	4555	3259
5328	NA	3259
5329	3556	3260
5330	NA	3328
5331	4553	3279
5332	3556	3326
5333	4561	3209
5334	NA	3301
5335	4535	3301
5336	NA	3431
5337	61	3478
5338	NA	3533
5339	3593	3538
5340	61	3552
5341	NA	3583
5342	NA	3609
5343	4249	3443
5344	4535	3571
5345	4552	3420
5346	3612	3445
5347	NA	3440
5348	NA	3592
5350	NA	3681
5351	4555	4103
5352	4555	4103
5353	77	3734
5354	77	3734
5355	4332	3782
5356	4549	3796
5357	3317	3651
5358	4327	3759
5359	4538	3881
5360	81	3885
5361	NA	4106
5362	77	3945
5363	77	4004
5364	NA	4008
5365	NA	4017
5366	4551	4068
5367	NA	4120
5368	NA	4121
5369	4537	NA
5370	4230	4155
5371	3286	4162
5372	NA	4170
5373	NA	4190
5374	NA	4195
5375	3658	4198
5376	NA	4220
5377	NA	4223
5378	4209	4340
5379	NA	4245
5380	3658	4257
5381	NA	4310
5382	NA	4311
5383	4332	4312
5384	3292	NA
5385	4332	2066
5386	NA	51
5387	4546	4301
5388	3281	4303
5390	NA	4306
5391	3311	4308
5392	NA	54
5393	4131	54
5394	4536	75
5395	NA	2841
5396	NA	2819
5398	NA	4385
5669	NA	NA
5670	NA	NA
6284	NA	NA
6312	NA	NA
6821	4130	NA
7925	NA	4363
7926	NA	2262
7927	NA	2262
7928	NA	4390
5056	3442	3209
5057	4352	2627
5058	4552	3009
5059	3311	3681
5060	3286	3571
5061	2971	3201
5062	3700	3202
5063	3318	3659
5064	NA	3659
5065	NA	3738
5066	4328	3881
5067	3286	3533
5068	3442	3236
5069	3593	2807
5070	3311	3796
5071	3311	3428
5072	3286	2245
5073	NA	3076
5074	4362	2640
5075	NA	3552
5076	3593	3214
5077	3292	3289
5078	4740	3945
5079	4318	4303
5080	4179	2800
5081	61	3725
5082	NA	3725
5083	4197	4259
5084	4572	3589
5085	4131	3759
5086	4440	3250
5087	4332	2706
5088	61	3203
5089	4736	3636
5090	4328	4242
5091	4668	4008
5092	4330	3259
5093	3317	3259
5094	NA	4219
5095	3286	3607
5096	2969	3248
5097	4546	3319
5098	NA	3319
5099	3593	3048
5100	5278	4004
5101	NA	4308
5102	NA	4308
5103	4362	4103
5104	3593	4103
5105	3556	3445
5106	4173	4193
5107	4156	4407
5108	4179	3651
5109	4373	3564
5110	2971	4321
5111	4206	3198
5112	4546	3692
5113	4505	3704
5114	4185	4184
5115	61	3641
5116	4542	3662
5117	4534	4301
5118	4545	3324
5119	3285	4313
5120	3292	4051
5121	4251	2830
5122	4418	3443
5123	NA	3443
5124	3306	4241
5125	4185	4335
5126	4168	2377
5127	4209	3762
5128	4177	4223
5129	3286	4255
5130	3593	2908
5131	4209	4361
5132	3286	3282
5133	4556	3748
5134	NA	2699
5135	3286	4169
5136	3286	3255
5137	3292	3490
5138	5720	2787
5139	NA	2787
5140	4209	2707
5141	3556	3291
5142	4553	3609
5143	NA	4416
5144	4179	4155
5145	4546	3592
5146	4546	3420
5147	5355	3734
5148	4188	3583
5149	4362	3782
5150	3292	3268
5151	3292	3268
5152	2709	3232
5153	3311	3538
5154	NA	4305
5155	4357	3279
5156	3285	4190
5157	4179	4386
5158	4324	3303
5159	4541	4104
5160	4521	4522
5161	4560	4522
5162	NA	3885
5163	NA	3885
5164	NA	75
5165	NA	75
5167	NA	4346
5168	NA	4473
5169	NA	4385
5170	NA	4598
5171	NA	4454
5172	NA	3771
5173	NA	3771
5174	NA	2819
5176	NA	4368
5177	NA	4217
5178	NA	4217
5179	NA	4068
5180	NA	4359
5181	NA	4420
5182	NA	4395
5183	NA	4465
5184	NA	4258
5185	NA	4258
5187	NA	4183
5188	NA	4166
5189	NA	4378
5190	NA	4432
5191	NA	4162
5192	NA	4429
5193	NA	2684
5194	NA	4257
5195	NA	4257
5196	NA	4460
5197	NA	4161
5198	NA	4314
5200	NA	4387
5201	NA	2942
5202	NA	2834
5203	NA	4238
5204	NA	3414
5208	NA	4195
5210	NA	4470
5212	NA	51
5215	NA	53
5216	NA	4157
5218	NA	4467
5219	NA	3440
5220	NA	3440
5221	NA	3488
5222	NA	4517
5223	NA	4734
5224	NA	3431
5226	4209	3567
5227	3318	4309
5228	3311	4310
5229	NA	4311
5230	NA	5239
5232	3593	3002
5233	4172	4250
5234	NA	4468
5235	4330	3563
5236	4203	4317
5237	4144	2927
5238	4746	3326
5242	3306	4404
5243	4328	4121
5244	4189	5326
5245	3442	4226
5246	4234	4396
5247	3593	4456
5248	3292	4410
5400	4741	NA
5403	61	2860
5405	NA	NA
5407	4197	3265
5411	5406	NA
5412	6062	2784
5413	3612	NA
5414	3711	NA
5418	NA	3237
5419	NA	4640
5642	4552	4307
5684	4450	NA
5685	NA	NA
5688	NA	NA
5689	4337	NA
5700	NA	NA
5704	4131	NA
5709	NA	NA
5713	4554	NA
5715	NA	NA
5719	NA	NA
5722	4747	NA
6069	NA	NA
6070	3306	NA
6072	NA	NA
6278	4164	NA
6280	3290	NA
6281	4553	NA
6283	4747	NA
6314	4557	NA
6319	NA	NA
6551	NA	NA
6554	NA	NA
7758	NA	4739
7759	NA	2364
7760	NA	4392
7761	NA	2460
7762	NA	3088
7763	NA	4414
7764	NA	4597
7765	NA	2323
7766	NA	2653
7767	NA	4681
7768	NA	5280
7769	NA	4606
7770	NA	4679
7771	NA	4654
7772	NA	4380
7773	NA	4266
7774	NA	4579
7775	NA	2829
7776	NA	4106
7777	NA	5283
7778	NA	54
7779	NA	2941
7780	NA	2941
7781	NA	4120
7782	NA	3330
7783	NA	2925
7784	NA	4673
7785	NA	5313
7786	NA	3234
7787	NA	2367
7788	NA	4583
7789	NA	4675
7790	NA	4339
7791	NA	4364
7792	NA	2401
7793	NA	4464
7794	NA	4604
7795	NA	3954
7796	NA	4687
7797	NA	2847
7798	NA	2847
7799	NA	4438
7800	NA	2549
7801	NA	4334
7802	NA	4376
7803	NA	4369
7804	NA	4445
7805	NA	4227
7806	NA	4347
7807	NA	4371
7808	NA	4158
7809	NA	4588
7810	NA	4153
7811	NA	2631
7812	NA	4586
7813	NA	4246
7814	NA	3469
7815	NA	3469
7816	NA	2683
7817	NA	2683
7818	NA	4590
7819	NA	4402
7820	NA	5273
7821	NA	3222
7822	NA	3222
7823	NA	2873
7824	NA	4379
7825	NA	4448
7826	NA	4312
7827	NA	2668
7828	NA	4340
7829	NA	2686
7830	NA	2686
7831	NA	2379
7832	NA	4504
7833	NA	3260
7834	NA	3260
7835	NA	4689
7836	NA	4232
7837	NA	4017
7838	NA	3478
7839	NA	2703
7840	NA	4518
7841	NA	5333
7842	NA	4336
7843	NA	4187
7844	NA	4187
7845	NA	4198
7846	NA	2375
7847	NA	4306
7848	NA	4607
7849	NA	4366
7850	NA	4595
7851	NA	3301
7852	NA	3224
7853	NA	2861
7854	NA	2607
7855	NA	2804
7856	NA	4304
7857	NA	4680
7858	NA	4240
7859	NA	4382
7860	NA	4243
7861	NA	4243
7862	NA	4256
7863	NA	4256
7864	NA	3471
7865	NA	3471
7866	NA	4458
7867	NA	4690
7868	NA	3968
7869	NA	3968
7870	NA	3129
7871	NA	4638
7872	NA	4584
7873	NA	4674
7874	NA	4261
7875	NA	3300
7876	NA	2892
7877	NA	2892
7878	NA	4212
7879	NA	3473
7880	NA	4449
7881	NA	4239
7882	NA	3314
7883	NA	3314
7884	NA	2931
7885	NA	2931
7886	NA	4510
7887	NA	3121
7888	NA	3121
7889	NA	5344
7890	NA	5320
7891	NA	5360
7892	NA	999942
7893	NA	999945
7894	NA	999946
7895	NA	5325
7896	NA	5298
7897	NA	5294
7898	NA	999967
7899	NA	5374
7900	NA	999973
7901	NA	999978
7902	NA	5327
7903	NA	5363
7904	NA	5329
7905	NA	5277
7906	NA	999990
7907	NA	999994
7908	NA	999997
7909	NA	999998
7910	NA	4627
7911	NA	5299
7912	NA	9999104
7913	NA	5301
7914	NA	9999112
7915	NA	5356
7916	NA	9999116
7917	NA	9999117
7918	NA	5270
7919	NA	5358
7920	NA	5357
7921	NA	9999124
7922	NA	9999129
7923	NA	9999130
7924	NA	9999131
5420	4230	3641
5421	4324	4184
5422	3286	4166
5423	3306	3237
5424	3306	3237
5425	NA	4575
5426	4230	3659
5427	4230	3659
5428	4553	5326
5429	3286	3289
5430	3306	4190
5431	5117	3445
5432	3306	2640
5433	5075	2640
5434	4329	2819
5435	6284	4195
5436	3306	4195
5437	4230	4161
5438	4156	3759
5439	4324	3881
5440	3286	3202
5441	4545	3202
5442	4179	4407
5443	3311	2787
5444	4173	2787
5445	4328	5119
5446	4461	3201
5447	4461	3201
5448	4466	5060
5449	4545	4305
5450	4206	4305
5451	5154	4517
5452	3306	5250
5453	3286	4068
5454	5416	5076
5455	4179	3431
5456	4179	3431
5457	6075	3533
5458	5704	4385
5459	4179	3796
5460	4179	4103
5461	4230	4103
5462	NA	4314
5463	4553	4396
5464	5715	3279
5465	4562	4467
5466	4173	2684
5467	4383	4008
5468	4418	4259
5469	4343	4361
5470	4553	4361
5471	4173	4051
5472	5145	3738
5473	4554	5669
5474	4343	4258
5475	4173	5120
5476	4383	2807
5477	4318	2807
5478	3286	4169
5479	3286	4456
5480	4553	3214
5481	4328	3589
5482	4131	4410
5483	4156	3076
5484	4230	3076
5485	3306	5133
5486	4179	4359
5487	4549	4241
5488	4549	4241
5489	3286	4420
5490	4179	4395
5491	3286	3319
5492	5106	3319
5493	5417	3250
5494	4719	3250
5495	6070	3885
5496	4156	2834
5497	4131	5103
5498	4553	4460
5499	3306	4378
5500	4131	3268
5501	4173	3255
5502	4173	5150
5503	4156	3303
5504	3311	4157
5505	3306	3265
5506	4440	5063
5507	4324	3443
5508	4324	3223
5509	3306	4635
5510	5108	3490
5511	4230	4309
5512	4230	4309
5513	4466	3734
5514	4179	3734
5515	3306	4416
5516	5408	4416
5517	5086	3762
5518	4173	2707
5519	4466	4529
5520	5688	3564
5521	4328	2908
5522	4179	2908
5523	4741	4193
5524	4206	5141
5525	5097	4386
5526	4549	2784
5527	4230	3291
5528	4230	3291
5529	3286	4223
5530	4179	4223
5531	4741	2377
5532	4156	3681
5533	3286	3681
5534	5416	3559
5535	4461	5084
5536	5688	3771
5537	5080	3771
5538	4179	4473
5539	5417	4631
5540	4254	5137
5541	4549	2927
5542	4318	3782
5543	5058	2699
5544	5145	3009
5545	5108	3198
5546	6074	2800
5547	6074	2800
5548	5408	4257
5549	3306	4321
5550	5700	4303
5551	3311	3704
5552	4328	4226
5553	5416	5226
5554	5279	5107
5555	4179	4468
5556	4200	4598
5557	5408	3236
5558	4562	5121
5559	5408	4404
5560	4466	3662
5561	4179	4313
5562	4461	4335
5563	4173	3563
5564	4206	3324
5565	5117	5078
5566	4131	5146
5567	4527	5152
5568	5312	5093
5569	6075	3533
5570	4343	NA
5571	5153	NA
5572	5387	5081
5573	NA	3592
5574	4324	3488
5575	5704	5242
5576	4206	53
5577	5408	3280
5578	4328	3692
5579	NA	3692
5580	3286	4255
5581	NA	4255
5582	3311	5122
5583	4179	5110
5585	5087	5104
5586	5117	NA
5587	NA	3552
5588	4230	5241
5589	4131	51
5590	NA	51
5591	4328	4162
5592	NA	4104
5593	4466	3571
5594	3286	2627
5595	4318	4399
5596	3286	3725
5597	NA	5276
5598	NA	4245
5599	NA	4522
5600	NA	4308
5601	NA	4219
5602	NA	3488
5603	5387	3209
5604	4743	3636
5605	6074	4432
5606	4324	4170
5607	6072	3248
5608	NA	4155
5609	4343	4472
5610	NA	4470
5611	4235	4628
5612	NA	4242
5613	NA	4242
5614	NA	4377
5615	4324	3748
5616	NA	3651
5617	4461	4244
5618	4461	4244
5619	4741	4004
5620	NA	4377
5622	4741	3203
5623	4343	3538
5624	4131	4346
5625	6062	4316
5626	4553	2860
5627	3286	2830
5628	NA	3048
5629	NA	5148
5630	4741	3420
5631	4179	3945
5632	5416	3273
5633	NA	4346
5634	5417	3567
5635	NA	NA
5636	4179	4454
5637	4343	4734
5638	NA	4307
5643	4418	5235
5648	3306	NA
5652	3286	NA
5658	4324	5248
5659	4562	3002
5661	4179	4238
5662	3306	3282
5664	6062	NA
5665	NA	4310
5666	5158	5240
5667	NA	5239
5668	6073	4311
5671	4173	3002
5678	4353	3259
5679	5138	NA
5682	3286	5130
5683	6072	NA
5686	4318	NA
5687	5417	NA
5690	4173	NA
5692	4179	4301
5693	4560	NA
5694	4741	NA
5697	NA	NA
5701	5149	NA
5702	4741	NA
5705	NA	NA
5706	6075	NA
5707	4719	NA
5708	4553	NA
5716	NA	NA
5718	5246	NA
5723	5109	5244
6047	6073	4322
6057	4328	NA
6059	5695	NA
6061	5404	NA
6064	3306	NA
6066	5312	NA
6068	6310	NA
6071	4549	NA
6318	4549	NA
6323	4558	NA
6326	4558	NA
6546	NA	NA
6550	4532	NA
6557	4741	NA
6560	NA	NA
6794	NA	NA
7355	4741	NA
7359	NA	NA
7363	4254	NA
7364	NA	NA
7753	4741	NA
5724	4179	4157
5725	5246	5078
5726	4324	3885
5727	4324	3885
5728	5695	3641
5729	5408	5063
5730	4324	5103
5731	4179	3291
5732	3286	3291
5733	5688	51
5734	4466	2377
5735	4179	3571
5736	4173	3275
5737	4156	5421
5738	4343	5451
5739	5695	5100
5740	4324	5428
5741	3286	4184
5742	4179	3725
5743	4549	4104
5744	4328	5152
5745	4343	4166
5746	4200	5101
5747	4173	5150
5748	3286	3488
5749	4230	3201
5750	3286	2640
5751	5105	4068
5752	4545	5326
5753	5709	5244
5754	5070	4259
5755	5695	4162
5756	5709	3002
5757	4466	5542
5758	5416	4335
5759	5695	4385
5760	4179	3659
5761	4179	3659
5762	NA	4190
5763	4156	5076
5764	3311	4396
5765	NA	4396
5766	3311	5089
5767	NA	5089
5768	4173	4407
5769	NA	3881
5770	4328	5597
5771	4206	5248
5772	4466	4346
5773	4719	3734
5774	4466	3734
5775	3306	4308
5776	3306	4308
5777	5695	5119
5778	4545	5232
5779	5465	5127
5780	4545	5144
5781	5116	4219
5782	5109	5073
5783	5405	2800
5784	4324	2800
5785	4173	3203
5786	4179	3203
5787	5689	5450
5788	NA	5456
5789	5128	2807
5790	4328	2807
5791	6312	NA
5792	5420	NA
5793	6314	NA
5794	5105	4004
5795	4719	4004
5796	5056	5130
5797	5714	3445
5798	4324	4361
5799	5720	4456
5800	3311	5669
5801	4562	4420
5802	4324	3759
5803	3286	5060
5804	4532	4241
5805	NA	4242
5806	6074	4195
5807	5420	4195
5808	5722	4170
5809	4131	4321
5810	4230	3945
5811	4343	3738
5812	4540	5120
5813	3286	3268
5814	3286	3268
5815	4324	4454
5816	5416	4454
5817	4418	4395
5818	6062	4432
5819	6074	4217
5820	4343	4217
5821	4719	3214
5822	5416	5135
5823	5416	4161
5824	5688	5133
5825	4418	4529
5826	4418	4529
5827	4719	5635
5828	5387	4313
5829	4230	4313
5830	5695	3289
5832	5720	5831
5833	5686	3250
5834	4431	3250
5835	6280	4472
5836	5714	4245
5837	4562	4245
5838	4532	4522
5839	4532	4522
5840	4329	3248
5841	4324	4169
5842	5413	4103
5843	5720	4103
5844	4173	4051
5845	4329	2706
5846	6282	3443
5847	5069	3443
5848	5079	3279
5849	4173	5137
5850	5714	3607
5851	4131	5605
5852	5544	4404
5853	5109	3589
5854	4179	5093
5855	5070	4465
5856	6070	3223
5857	5279	5662
5858	5109	3248
5859	5405	5444
5860	5414	NA
5861	5245	NA
5862	6074	5479
5863	6283	NA
5864	NA	3255
5865	5113	5446
5866	5414	NA
5867	5710	5594
5868	5083	2627
5869	5124	5511
5870	5689	5555
5871	4230	5562
5872	NA	5609
5873	NA	5131
5874	4540	4635
5875	5695	4238
5876	4418	5111
5877	3286	2834
5878	3286	2834
5879	4173	5107
5880	4418	3636
5881	6325	2908
5882	5124	2908
5883	4179	3324
5884	5688	4359
5885	5407	3282
5886	5689	4460
5887	5722	3748
5888	6074	3748
5889	4343	5110
5890	5108	4467
5891	5706	3704
5892	5684	5670
5893	4230	5242
5894	3306	4459
5895	5462	4468
5896	4179	3564
5897	5695	3609
5898	5097	2787
5899	5512	4734
5900	4230	5495
5901	4324	3490
5902	4418	3533
5903	5695	4378
5904	3306	4305
5905	4179	4386
5906	4179	4386
5907	4328	5061
5908	4173	5084
5909	3306	3651
5910	4562	5520
5911	5695	5095
5912	5500	3662
5913	5067	3259
5914	5700	5141
5915	5056	5141
5916	5414	5549
5917	4173	5081
5918	4466	4598
5919	4156	3303
5920	5067	4631
5921	4173	4258
5922	4418	3431
5923	3311	3681
5924	5695	3319
5925	3311	5535
5926	5714	4226
5927	5149	3563
5928	4156	5485
5929	4418	3692
5930	5508	3762
5931	5413	5634
5932	4230	5510
5933	5387	5626
5934	4343	5478
5935	4179	5471
5936	4173	5525
5937	5129	5552
5938	6310	5488
5939	4540	3280
5940	4173	4258
5941	4179	5112
5942	4562	NA
5943	3306	5648
5944	NA	5490
5945	4431	5486
5946	5484	NA
5947	4131	5496
5948	4545	2707
5949	4328	5459
5950	4318	3273
5951	3286	5652
5952	4230	5447
5953	4345	5427
5954	4230	5591
5955	4230	5531
5956	4353	5554
5957	5719	5619
5959	5092	5631
5960	4329	3209
5963	4179	5604
5964	4235	5632
5965	3311	5455
5966	4719	5593
5967	5616	5469
5968	5688	5104
5971	4418	5514
5972	4254	3202
5973	6310	3567
5974	6310	3567
5975	4179	2819
5976	5503	2784
5977	4156	5548
5978	6074	3265
5979	3311	3771
5980	6282	4155
5981	4230	5241
5982	5083	2627
5983	5156	5434
5984	NA	5593
5985	5108	5543
5987	4418	5491
5988	4324	5121
5989	5247	5276
5990	4173	4473
5991	4324	5250
5992	5714	4322
5993	5685	3796
5995	4235	NA
5996	4328	5596
5997	5071	4628
5998	6325	3009
5999	3311	4223
6000	NA	5240
6001	NA	4377
6002	4466	2860
6003	NA	4399
6004	NA	3552
6005	NA	4314
6006	NA	4470
6007	NA	5550
6008	NA	3583
6009	NA	3583
6010	NA	5450
6011	NA	4257
6012	NA	4244
6013	NA	3223
6014	NA	5122
6015	4418	4008
6016	5689	3538
6019	5721	4121
6020	3311	5226
6021	4179	3076
6022	4466	3236
6023	NA	53
6024	NA	3237
6025	NA	5148
6026	NA	4309
6027	5083	5239
6028	4418	4193
6029	5503	2927
6030	5503	2927
6032	NA	5664
6034	4562	4410
6035	6282	4688
6036	4173	3326
6037	5708	3559
6038	4540	5235
6039	5667	4307
6041	5077	4310
6045	6073	5589
6049	3306	3428
6050	4179	4416
6051	NA	4316
6052	NA	5523
6053	NA	5125
6054	NA	4517
6055	NA	5547
6056	6069	NA
6058	4328	3237
6067	5416	NA
6076	4254	5125
6078	4173	NA
6079	NA	3782
6302	NA	NA
6543	NA	NA
6556	5696	NA
6788	NA	NA
6818	4326	NA
7752	5312	NA
7929	4418	5482
7930	5413	5539
7931	5716	2699
7932	4254	3198
7933	3311	5448
7934	NA	5545
7935	NA	5524
8520	4179	5492
6081	4230	5241
6082	4179	3209
6084	5745	6083
6085	4254	4166
6086	4418	5101
6087	5132	3681
6088	4235	5597
6089	5056	4190
6090	4235	3571
6091	4179	3659
6092	4179	3659
6093	6057	5831
6094	3286	3662
6095	4324	3725
6096	3306	4259
6097	5695	5250
6098	4235	4598
6099	5132	4404
6100	4540	4359
6101	4230	5076
6102	4235	4432
6103	NA	5060
6104	4466	5669
6105	5229	5276
6106	6075	4314
6107	4179	5232
6108	6075	3796
6109	4418	4410
6110	5147	4103
6111	6282	4103
6112	5876	4238
6113	5069	5248
6114	4235	5089
6115	5896	2787
6116	5720	4407
6117	5700	4468
6118	3286	3945
6119	6063	4008
6120	4156	4460
6121	NA	3607
6122	4230	4456
6123	5115	5555
6124	4418	5107
6125	7359	5552
6126	4254	4420
6127	6282	5081
6128	4173	3641
6129	NA	3641
6130	4156	3443
6131	NA	3214
6132	5697	5242
6133	4418	3250
6134	3286	4004
6135	5129	3319
6136	6283	4161
6137	3286	4257
6138	3286	4257
6139	5722	4226
6140	5694	4241
6141	4254	4157
6142	4418	5652
6143	4254	4361
6144	5086	4361
6145	5406	4335
6146	5102	3533
6147	5617	4308
6148	NA	4308
6149	5408	4377
6150	4173	3490
6151	4235	5443
6152	4741	4193
6153	NA	5111
6154	5132	3268
6155	5700	3268
6156	4466	3692
6157	3306	5125
6158	6788	3259
6159	5544	3704
6160	5494	5121
6161	4540	5626
6162	5406	3651
6163	5132	5596
6164	5689	3420
6165	5132	4575
6166	5056	5662
6167	5684	4459
6168	5056	4473
6169	4343	5670
6170	NA	4217
6171	5685	5535
6172	5416	5520
6173	4418	4051
6174	5229	5466
6175	4173	5141
6176	4418	5137
6177	4179	4470
6178	5247	3771
6179	5085	3771
6180	4461	3282
6181	4326	5490
6182	5720	5095
6183	5561	5510
6184	4418	3564
6185	6560	4472
6186	5083	5133
6187	5083	5133
6188	5440	4529
6189	4326	4386
6190	4466	4734
6191	NA	4454
6192	5129	5127
6193	5722	4399
6194	3286	3762
6195	6072	4517
6196	4418	5084
6197	3306	4467
6198	6072	4628
6199	4562	5094
6200	4741	5326
6201	5898	5456
6202	5312	4346
6203	6075	5505
6205	4345	5428
6207	4418	5439
6208	4540	5433
6209	4235	5473
6211	NA	5421
6212	5442	5469
6213	4324	5593
6214	NA	5421
6215	4466	5063
6216	5715	5447
6217	4466	5594
6218	6071	NA
6221	NA	4155
6222	5069	4155
6223	5246	5100
6224	4230	5150
6225	5499	5514
6226	4540	5595
6227	5695	5609
6228	5706	NA
6229	5416	4245
6230	NA	5486
6231	4254	4157
6232	5500	5103
6233	5468	5562
6234	5544	5528
6236	6062	5230
6237	4173	4313
6238	NA	4313
6239	NA	4308
6241	NA	5122
6242	4173	4395
6243	4179	5460
6244	4466	4258
6245	4466	4258
6246	NA	3636
6247	NA	5525
6249	4461	4242
6250	5695	4465
6251	5684	4313
6252	3286	5530
6253	4741	5491
6254	5118	5631
6255	5500	5547
6256	6283	NA
6258	NA	5430
6260	NA	5632
6261	NA	3609
6262	4540	3609
6263	6069	5741
6264	6310	4635
6265	5108	4635
6266	4230	3738
6267	4326	5444
6268	4741	3265
6269	5387	5485
6270	6315	5604
6272	NA	5152
6274	NA	4311
6275	NA	5648
6276	5118	5226
6277	4466	4223
6289	4418	5501
6290	4345	5543
6291	5118	5112
6292	6027	5495
6294	NA	5119
6295	NA	5427
6296	NA	5455
6297	NA	3589
6298	NA	3589
6299	NA	5459
6300	6059	5431
6301	NA	3567
6303	4562	4631
6304	NA	5526
6305	6282	3326
6306	6323	3559
6308	6071	4316
6309	5452	5235
6311	3306	5130
6313	5229	NA
6316	5145	NA
6317	NA	NA
6321	5403	NA
6322	4532	NA
6528	6075	NA
6544	NA	NA
6545	NA	NA
6547	NA	NA
6552	3658	NA
6561	NA	NA
6562	NA	NA
6780	NA	NA
6793	NA	NA
6796	5312	NA
6797	5096	NA
6806	5414	NA
6809	5411	NA
6810	NA	NA
6819	NA	NA
6820	NA	NA
7352	NA	NA
7354	NA	NA
7751	NA	NA
7936	3286	5903
7937	5484	3236
7938	5704	2819
7939	NA	3488
7940	4230	3488
7941	5420	6016
7942	3306	5772
7943	3286	4068
7944	5704	5523
7945	NA	5802
7946	5695	2908
7947	5695	2908
7948	3286	4522
7949	3306	5826
7950	4230	5997
7951	4179	3291
7952	5156	5764
7953	4318	5078
7954	5083	5851
7955	5247	5244
7956	4230	5548
7957	5513	5550
7958	4540	3734
7959	4200	5450
7960	4741	5993
7961	NA	5588
7962	5476	5886
7963	NA	5804
7964	5685	5902
7965	5083	5750
7966	5416	3324
7967	5768	5554
7968	NA	5479
7969	5118	3076
7970	5423	4170
7971	4418	3203
7972	4418	3203
7973	5067	4322
7974	5544	5848
7975	5406	4396
7976	5147	5549
7977	6069	5913
7978	5695	4184
7979	5693	5980
7980	4562	3289
7981	NA	5449
7982	5229	5591
7983	5685	3237
7984	4418	2807
7985	5722	5120
7986	6310	3279
7987	5493	4385
7988	5247	5979
7989	3306	4378
7990	5442	4378
7991	4235	3881
7992	3286	4244
7993	3286	4244
7994	NA	5451
7995	3306	3885
7996	4235	3885
7997	4230	3202
7998	NA	5929
7999	NA	5135
8000	NA	5743
8001	NA	4169
8002	NA	4169
8003	NA	5746
8004	5684	5560
8005	NA	5446
8006	4741	5061
8007	NA	3589
8008	5245	4305
8009	3286	4305
8010	4418	2707
8011	6551	5148
8012	5129	5477
8013	4345	5992
8014	6282	3428
8015	NA	2800
8016	5157	2860
8017	5659	2706
8018	5102	3563
8019	4418	5619
8020	5056	3748
8021	6557	3748
8022	5129	5797
8023	4440	5892
8024	NA	5824
8025	4230	3223
8026	4230	3223
8027	4431	5471
8028	4466	5093
8029	4418	5728
8030	4173	3445
8031	5720	3538
8032	4418	5073
8033	5132	5533
8034	5502	5800
8035	5247	5982
8036	NA	3583
8037	4324	2640
8038	3286	5635
8039	3286	3201
8040	5692	5844
8041	4230	6015
8042	4324	4321
8043	4418	2834
8044	4418	2834
8045	4230	5605
8046	NA	5110
8047	NA	5110
8048	5246	4219
8521	6074	3009
6327	4206	3641
6328	4343	3641
6329	4206	5103
6330	4230	6100
6331	4343	5242
6332	4206	4404
6333	4741	4258
6334	4418	3209
6335	4343	5428
6336	4206	3681
6337	4206	3681
6338	5695	5241
6339	6543	4432
6340	5132	5063
6341	5442	5594
6342	4440	5100
6343	6071	3738
6344	6074	4166
6345	4230	5596
6346	4741	5547
6347	4206	4407
6348	5715	5107
6349	4741	3945
6350	5467	5542
6351	6315	3571
6352	4431	5597
6354	4230	5593
6355	5695	4103
6356	5720	4155
6357	NA	4155
6358	5442	5119
6359	5458	5101
6360	5132	3659
6361	4562	3659
6362	4230	5421
6363	NA	5232
6364	5437	5514
6365	6314	3796
6366	6315	5483
6367	5695	5469
6368	5704	4359
6369	4230	5669
6370	6073	6780
6371	5556	6196
6372	4343	4456
6373	5056	5759
6374	5564	5917
6375	NA	5751
6376	5616	5543
6377	5442	6197
6378	5069	5076
6379	6319	5081
6380	6063	5439
6381	6063	5456
6382	5695	5455
6383	5472	4190
6384	6074	4161
6385	4343	5662
6386	NA	5089
6387	5279	5589
6388	5442	5652
6389	4418	4456
6390	4418	4335
6391	6310	3533
6392	6310	3533
6393	5722	NA
6394	5458	4308
6395	4206	4051
6396	4206	3268
6397	4206	3268
6398	NA	4420
6399	4206	5626
6400	6546	5433
6401	6315	4259
6402	5695	5150
6403	5056	3490
6404	5429	4395
6405	5086	4395
6406	5132	4575
6407	4235	5430
6408	5442	5248
6409	6319	4223
6410	4230	4410
6411	4461	5094
6412	6074	5250
6413	6121	5552
6414	4200	5095
6415	5564	NA
6416	6315	5130
6417	4343	5130
6418	5692	4459
6419	5097	5443
6420	6326	4238
6421	6319	5427
6422	5132	4386
6423	5429	4386
6424	5484	5060
6425	4431	5125
6426	4343	5431
6427	6314	3319
6428	5636	3319
6429	6071	3636
6430	6314	3250
6431	6318	5460
6432	5515	6099
6433	4418	4529
6434	6819	4008
6435	6074	5152
6436	6314	4460
6437	4230	4460
6438	6071	5562
6439	6552	5486
6441	5069	5632
6442	5462	4217
6443	5442	5741
6444	5132	5466
6445	5097	5520
6446	5085	5490
6447	5097	5555
6448	5132	4313
6449	4206	4734
6450	4206	4734
6451	6116	5506
6452	4343	4598
6453	6314	4454
6454	5086	4468
6455	6074	5133
6456	5420	5505
6457	6104	3762
6458	4418	5670
6459	6319	5121
6460	5636	5491
6461	6319	3771
6462	4461	5144
6463	4230	4241
6464	5544	5525
6465	5132	5510
6466	4343	3704
6467	5462	4517
6468	5069	4517
6469	4230	3265
6470	4206	NA
6471	6546	5459
6472	6314	3651
6473	5556	5137
6474	6315	5604
6475	4418	5122
6476	5462	4628
6477	6552	5485
6478	6314	5531
6479	5722	5084
6480	4230	4473
6481	5544	4473
6482	5069	5141
6483	5704	5141
6484	6557	5326
6485	6314	3259
6486	5426	5535
6487	6317	3009
6488	6810	3552
6489	5437	4193
6490	5132	4193
6491	5695	3420
6492	NA	5530
6493	5069	6147
6494	5636	NA
6495	5132	4313
6496	5705	5762
6497	NA	4465
6498	5472	6136
6499	NA	3280
6500	5551	6151
6501	NA	5891
6503	4343	5501
6504	5659	5444
6505	6114	4361
6506	6562	4467
6507	4418	4631
6508	4343	6150
6509	5067	5447
6514	5085	6528
6516	6544	NA
6517	6326	5111
6518	4343	3564
6519	5480	3326
6520	5561	5235
6521	5069	5528
6522	4418	4346
6523	4343	5648
6524	4440	4004
6525	5132	NA
6526	NA	4472
6527	4230	5831
6530	NA	5595
6531	NA	5526
6532	5438	5276
6533	NA	5631
6534	NA	5127
6535	NA	4245
6536	5069	4301
6537	4461	6083
6538	NA	4399
6539	6546	4470
6542	4461	NA
6548	5070	NA
6555	5704	NA
6559	4200	NA
6768	4461	NA
6779	5132	5606
6787	6315	NA
6792	NA	NA
6799	5097	NA
6800	5118	NA
6801	NA	NA
6805	6315	NA
6811	NA	NA
6814	4532	NA
6815	4461	NA
7099	5067	NA
7708	NA	NA
7749	6543	NA
7750	6323	NA
8049	5722	3214
8050	5128	6112
8051	5132	6108
8052	5708	6153
8053	4418	6165
8054	5438	6101
8055	5132	3725
8056	4418	6131
8057	NA	6188
8058	5476	6096
8059	NA	6085
8060	NA	4226
8061	NA	4226
8062	NA	3443
8063	4206	2787
8064	5132	2787
8065	4562	6200
6563	5132	4404
6564	5132	5103
6565	5667	5547
6566	6323	3209
6567	6344	6083
6568	NA	6415
6569	6323	6385
6570	6319	3681
6571	6319	3681
6572	5768	6435
6573	6323	5241
6574	5069	5232
6575	5086	6082
6576	6545	NA
6577	6170	5447
6578	6315	5596
6579	6071	5101
6580	6387	5101
6581	6411	6084
6582	6184	3659
6583	6315	5100
6584	5086	3571
6585	7359	6529
6586	6102	5076
6587	5132	5076
6588	5132	5242
6589	5442	6176
6590	5132	5631
6591	5442	6099
6592	5086	5455
6593	NA	5133
6594	5145	5133
6595	5070	5433
6596	6319	5469
6597	5722	5469
6598	NA	4190
6599	4206	4407
6600	6551	6089
6601	5056	4410
6602	6323	6091
6603	4461	6086
6604	5515	6145
6605	7363	5421
6606	7359	5421
6607	5086	5063
6608	5056	5652
6609	4461	4399
6610	4461	4399
6611	6319	6136
6612	6102	5125
6613	5070	4361
6614	5070	4361
6615	5636	4395
6616	5458	5107
6617	5070	5150
6618	5132	4258
6620	5693	4335
6621	6551	5250
6622	5069	4359
6623	NA	5152
6624	5442	5443
6625	5480	5555
6626	5722	5597
6627	5086	5597
6628	6551	4420
6629	5480	6150
6630	5438	4454
6631	5438	4454
6632	5069	5531
6633	5513	6196
6634	5708	5543
6635	4461	6100
6636	NA	4241
6637	NA	6537
6638	6787	5146
6639	NA	4465
6640	6170	4465
6641	6073	6348
6642	5513	6780
6643	5420	6186
6644	5561	5137
6645	5442	6151
6646	5069	5431
6647	6309	5831
6648	6074	5831
6649	6302	5439
6650	5480	4468
6651	5692	5127
6652	6073	4410
6653	5118	5427
6654	5467	5427
6655	5132	4217
6656	4206	4217
6657	4418	5276
6658	5768	5276
6659	5513	5456
6660	6319	5081
6661	4461	4432
6662	4418	5506
6663	4235	5111
6664	6132	5562
6665	5086	4314
6666	5564	5648
6667	5623	4470
6668	6402	5662
6669	5437	5662
6670	5086	5542
6671	7359	5632
6672	4741	5430
6673	6170	5248
6674	4200	6193
6675	6088	5094
6676	6475	5094
6677	5069	5491
6678	5056	5535
6679	4418	5490
6680	6326	5604
6681	5056	5060
6682	5086	5510
6683	7359	4473
6684	6547	5917
6685	4235	6182
6686	6556	5095
6687	4343	5759
6688	4418	5594
6689	6319	5606
6690	5715	5751
6691	NA	5514
6692	6319	5589
6693	4206	5486
6694	4461	5520
6695	5085	5520
6696	6310	5626
6697	5056	4598
6698	5070	4529
6699	6114	4529
6700	5437	6120
6701	NA	5595
6702	5484	5595
6703	7359	5741
6704	5132	3692
6705	5722	4238
6706	6546	5089
6707	5132	4004
6708	6547	4456
6709	5069	4456
6710	5722	5130
6711	4461	5130
6712	6326	5119
6713	6326	5593
6714	6326	6147
6715	6787	5526
6716	5132	5466
6717	5722	5460
6718	4461	5525
6719	6319	3564
6720	4461	5501
6721	5132	5084
6722	5086	5141
6723	7359	5670
6724	5132	5444
6725	5561	5121
6726	6315	4313
6727	5476	5459
6728	5118	6331
6729	4343	4628
6730	6162	5326
6731	5132	4575
6732	5132	4575
6733	6071	6127
6734	5132	5528
6735	6556	6159
6736	5722	3420
6737	6326	5240
6738	5722	3420
6739	7359	6386
6740	5086	5542
6741	5722	6124
6742	5458	6189
6743	4418	6409
6744	5086	4193
6745	6326	5530
6746	NA	6456
6748	6436	6168
6749	6202	6473
6750	NA	6421
6751	5420	6768
6752	NA	6169
6753	4343	5141
6755	6073	4308
6756	4461	4631
6757	NA	6414
6758	5069	5150
6759	4343	6525
6760	NA	3796
6761	5442	5144
6762	5086	5552
6763	NA	4377
6764	NA	5230
6765	NA	5485
6766	6073	6528
6767	5132	6171
6769	6073	3567
6770	4440	3259
6771	5515	6459
6772	5480	5495
6773	7363	5235
6774	4461	6780
6776	6302	6782
6777	4461	6781
6783	6314	4472
6784	6073	6786
6785	6047	5505
6789	6314	NA
6790	6356	3326
6795	5145	NA
6798	7363	NA
6802	4532	NA
6807	5462	NA
6808	5438	NA
6812	4461	NA
6813	6162	NA
6816	5667	NA
6817	6561	NA
6823	5086	3662
7068	NA	NA
7069	5715	NA
7070	5056	NA
7071	6071	NA
7094	5468	NA
7097	NA	NA
7101	NA	NA
7350	NA	NA
7353	6314	NA
7358	NA	NA
7360	5484	NA
7361	4235	NA
7365	NA	NA
7729	NA	NA
7744	NA	NA
7745	4200	NA
7746	NA	NA
7748	NA	NA
7756	NA	NA
8066	NA	4223
8067	6544	6416
8068	5132	6442
8069	6402	6446
8070	NA	4245
8071	5132	4259
8072	6381	4051
8073	5132	3636
8074	5467	4460
8075	6073	6336
8076	5085	6429
8077	6551	6172
8078	4235	6173
8079	NA	3945
8080	5153	3704
8081	NA	3771
8082	6321	3771
8083	4235	3762
8084	6521	3490
8085	5086	5428
8086	5086	5428
8087	6546	6380
8088	4206	6467
8089	6344	4155
8090	6344	4155
8091	5458	6438
8092	5085	6341
8093	5086	6366
8094	NA	4103
8095	NA	4103
8096	5132	3641
8097	5636	4008
8098	6556	3607
8099	4418	3268
8100	4418	3268
8101	5426	6424
8102	5429	6384
8103	5438	3319
8104	5438	3319
8105	6820	6390
8106	6121	6364
8107	5722	4459
8108	NA	3265
8109	4418	4301
8110	5722	5669
8111	5722	5669
8112	NA	4161
8113	NA	4161
8114	4741	3552
8115	4741	3552
8116	5722	5483
8117	5420	4517
8118	6184	4166
8119	5132	4166
8120	6551	6445
8121	4532	5112
8122	6102	3250
8123	6345	3250
8124	5067	6363
8125	4532	4416
8483	5442	NA
6824	5438	5469
6825	5438	5469
6826	6314	5063
6827	5086	3659
6828	5153	5421
6829	5722	4404
6830	6345	6083
6831	5132	5242
6832	5667	6099
6833	5132	5241
6834	5667	5447
6835	6411	4361
6836	5086	6082
6837	5768	5596
6838	6323	6193
6839	5442	5107
6840	5086	5103
6841	6314	5597
6842	5561	5232
6843	6314	5101
6844	6788	5439
6845	NA	4190
6846	5086	4456
6847	5442	4456
6848	4418	6410
6849	5564	6086
6850	6623	5144
6851	5704	3662
6852	5086	6164
6853	5069	5060
6854	5069	5060
6855	4418	5076
6856	4418	5076
6857	4461	6127
6858	5704	4004
6859	4461	6100
6860	5437	5594
6861	6323	4399
6862	6546	4399
6863	5564	5250
6864	6636	4359
6865	6314	5552
6866	6686	4432
6867	6323	6528
6868	6650	6189
6869	6591	5248
6870	6102	5433
6871	6551	5589
6872	NA	5741
6873	5636	5456
6874	NA	5456
6875	6550	5562
6876	6102	5525
6877	5513	5133
6878	5468	5133
6879	6675	5530
6880	5153	5759
6881	5768	5427
6882	5768	5427
6883	5692	5593
6884	5056	6147
6885	5437	5491
6886	5467	5100
6887	5564	6488
6888	5636	4308
6889	6561	5652
6890	6314	4395
6891	6789	4395
6892	6319	5122
6893	6545	6120
6894	6314	5130
6895	6314	5130
6896	6319	4473
6897	5480	6145
6898	5480	6145
6899	5704	4238
6900	5768	5119
6901	NA	6781
6902	5438	5486
6903	5442	6084
6904	5667	5604
6905	5437	5604
6906	5667	6452
6907	6302	4241
6908	6318	5127
6909	NA	6151
6910	5056	5510
6911	6314	5514
6912	5722	4420
6913	5069	6369
6914	7363	6168
6915	NA	6118
6916	6797	5662
6917	5722	5542
6918	NA	6455
6919	5468	6525
6920	7363	5455
6921	7363	5137
6922	6317	6136
6923	5667	6529
6924	6560	5089
6925	5667	5089
6926	5467	5276
6927	6319	5466
6928	NA	5531
6929	5438	5084
6930	6411	4407
6931	6071	5631
6932	5442	5626
6933	6818	6780
6934	4461	6196
6935	6806	6176
6936	6560	6150
6937	4461	6150
6938	NA	6171
6939	6801	5146
6940	5722	6159
6941	5429	5506
6942	5429	5506
6943	5442	5543
6944	6314	5150
6945	5153	5555
6946	5132	4575
6947	5132	4575
6948	6314	6155
6949	6821	6331
6950	5086	4529
6951	4461	4529
6952	5086	3796
6953	5480	6338
6954	6546	5606
6955	6302	6435
6956	4418	5152
6957	5556	5444
6958	6792	5535
6959	5086	5891
6960	5667	5547
6961	5636	5460
6962	7745	5460
6963	5467	4598
6964	6721	5595
6965	NA	6786
6966	5132	6124
6967	5086	4465
6968	5086	6348
6969	6345	5490
6970	6801	4468
6971	6545	4468
6972	4461	5495
6973	5420	6768
6974	5086	5501
6975	5442	6421
6976	6796	5095
6977	6703	5632
6978	6321	6459
6979	6546	5505
6980	4418	5326
6981	6071	5917
6982	NA	5121
6983	5480	5459
6984	6551	6779
6985	6796	5125
6986	5069	5526
6987	5564	5230
6988	6612	6182
6989	5086	3564
6990	5513	4335
6991	NA	5141
6992	6116	4258
6993	6116	4258
6994	5056	6655
6995	5513	6644
6996	6810	6680
6997	6784	6674
6998	6799	6681
6999	NA	6362
7000	6599	6624
7001	5678	6622
7002	6411	6408
7003	6551	6666
7004	5768	6713
7005	5442	6605
7006	4461	6441
7007	6318	3420
7008	NA	6585
7009	5096	NA
7010	5556	5648
7011	6317	6609
7012	5467	6663
7013	6675	6537
7014	6773	6730
7015	6788	6414
7016	6314	6625
7017	5438	6425
7018	5544	6365
7019	6797	6718
7020	NA	6593
7022	5513	6724
7023	5069	6608
7024	6321	6725
7025	NA	6598
7026	6818	6632
7027	6793	6695
7028	6616	6615
7029	6561	6691
7031	5480	6688
7032	6799	6682
7033	5426	6678
7034	6536	6776
7035	5556	5444
7036	5515	6770
7037	5056	6186
7038	NA	6089
7039	NA	5762
7040	5420	5485
7041	6671	4628
7042	5056	5648
7043	5132	5520
7044	6616	5520
7045	5438	6406
7046	5132	4410
7047	4461	4316
7048	5132	5528
7049	5420	6588
7050	5086	5751
7051	4418	4454
7052	6302	7074
7053	6323	7075
7054	6819	7076
7055	6102	NA
7056	5420	5094
7057	7070	7077
7058	5420	6354
7059	NA	7068
7060	5678	NA
7061	4532	7080
7062	5476	7082
7063	6314	7083
7064	6325	7085
7066	5636	6125
7087	5069	5430
7088	5442	5831
7090	6784	6600
7091	6102	7093
7092	5515	6342
7095	5426	5443
7096	6817	NA
7100	5429	NA
7102	7364	NA
7103	6551	4377
7342	6195	5762
7351	4440	NA
7356	5438	NA
7706	NA	NA
7728	5438	NA
7730	NA	NA
7738	NA	NA
7739	NA	NA
7742	5616	NA
7743	7751	NA
8126	6794	6708
8127	NA	6672
8128	5086	6587
8129	5438	6592
8130	6332	6659
8131	5667	6714
8132	5420	4470
8133	5442	3692
8134	5086	3571
8135	5722	3209
8136	5056	6782
8137	6815	6782
8138	6557	6578
8139	6645	6626
8140	6773	6668
8141	6471	6669
8142	6712	6677
8143	5513	6762
8144	6796	6607
8160	5096	7088
8522	5480	6700
7105	6318	5127
7106	6323	6082
7107	5069	5103
7108	5086	5242
7109	4418	5596
7110	5686	5597
7111	5768	4404
7112	5086	5063
7113	5484	5421
7114	5564	4361
7115	5420	6086
7116	5667	6681
7117	6798	6690
7118	7097	5447
7119	6314	5248
7120	6071	6588
7121	5768	5150
7122	5086	5469
7123	5086	5469
7124	5768	6452
7125	6599	5506
7127	5442	6421
7128	6323	5241
7129	6323	6605
7130	5132	5326
7131	6314	5455
7132	5086	5431
7133	5722	5089
7134	5132	5107
7135	5429	6127
7136	5722	5542
7137	6616	5433
7138	6577	6777
7139	5132	5119
7140	5086	4410
7141	4418	4432
7142	7350	6583
7143	6550	5594
7144	5476	5751
7145	5420	6136
7146	5056	6338
7147	5667	6193
7148	4418	6193
7149	7099	6688
7150	4418	5130
7151	4418	5130
7152	5768	4395
7153	5056	5427
7154	5056	5427
7155	6696	7126
7156	5513	6189
7157	5442	6171
7158	6318	5466
7159	6869	6459
7160	5056	6488
7161	5442	5631
7162	7749	5631
7163	7097	5111
7164	6318	5535
7165	6633	5535
7166	6889	6663
7167	6787	6425
7168	5722	5152
7169	5722	6593
7170	5722	5891
7171	5086	6537
7172	5056	5501
7173	5722	5525
7174	6722	6155
7175	5768	5141
7176	6314	5141
7177	6545	5530
7178	5420	5520
7179	5420	5520
7180	5086	6196
7181	5438	6196
7182	NA	6435
7183	5704	6089
7184	7101	5917
7185	5132	5084
7186	5667	5232
7187	6321	6084
7188	6787	4631
7189	5086	6656
7190	5420	6678
7191	5420	6776
7192	6545	5460
7193	5056	6598
7194	5480	6168
7195	5704	6164
7196	5429	6147
7197	NA	6525
7198	6102	4407
7199	5132	6176
7200	6826	5137
7201	5069	6118
7202	5420	6666
7203	5704	4190
7204	6319	6625
7205	5722	5510
7206	6314	5555
7207	5086	4359
7208	5467	5652
7209	5069	5144
7210	6319	4399
7211	5438	5486
7212	5513	6529
7213	6796	6362
7214	5480	5543
7215	5467	5662
7216	5096	6608
7217	NA	6145
7218	7101	6145
7219	5132	4575
7220	6319	6644
7221	6322	6724
7222	5132	5121
7223	5086	5456
7224	6796	5491
7225	7354	6159
7226	5426	6369
7227	5086	6354
7228	6551	6120
7229	5420	5439
7230	6411	6124
7231	6798	6151
7232	5086	5443
7233	6790	5531
7234	6314	6441
7235	7350	5133
7236	5768	4004
7237	5426	4004
7238	6486	6348
7239	5132	6695
7240	7363	4238
7241	5467	5430
7242	5476	5604
7243	5556	5060
7244	5086	5514
7245	6314	5589
7246	5480	6615
7247	5768	6938
7248	5442	5444
7249	5442	5444
7250	5480	5490
7251	5442	5632
7252	5132	6697
7253	5056	6099
7254	5564	6723
7255	7352	5526
7256	6486	6455
7257	5429	5593
7258	6550	6692
7259	7099	7083
7260	6411	6679
7261	5426	6682
7262	6319	6646
7263	5086	6786
7264	NA	6408
7265	6716	5459
7266	6319	5759
7267	5132	5528
7268	5153	6986
7269	6701	5606
7270	6893	6083
7271	5715	6926
7272	NA	6870
7273	6302	5250
7274	5513	7068
7275	5722	6585
7276	5442	6867
7277	5513	5433
7278	6819	6945
7279	6805	6691
7280	5768	6859
7281	4418	6829
7282	5480	6609
7283	6888	6841
7284	5132	6713
7285	6566	6920
7286	5426	6837
7287	6721	6831
7288	6546	4465
7289	6318	4420
7290	5056	6860
7291	5556	5095
7292	7069	6857
7293	6116	6885
7294	6591	6717
7295	5086	6909
7296	5132	6100
7297	6411	6617
7298	6116	6866
7299	6479	6948
7300	6901	6674
7301	6787	4631
7302	5768	6982
7303	6973	6958
7304	6319	NA
7307	5132	4420
7308	5704	4456
7309	6653	6910
7310	NA	6726
7314	5722	NA
7315	5420	5552
7316	6790	4628
7317	5056	6414
7318	6477	6182
7320	6116	6730
7324	6546	NA
7325	6302	6365
7326	NA	7080
7327	5420	6150
7328	6633	4258
7329	6321	4316
7330	5132	4335
7332	5515	5626
7333	6808	6406
7334	4418	6125
7335	5086	5505
7336	6794	5485
7337	6893	5595
7338	5426	6342
7339	5480	5648
7340	5132	5741
7341	5442	6680
7343	NA	5595
7344	NA	7072
7345	NA	5240
7346	5442	5831
7347	NA	5831
7349	5132	5101
7696	6721	NA
7698	NA	NA
7699	6326	NA
7700	5544	NA
7701	5564	5276
7703	6323	NA
7704	6577	NA
7707	NA	NA
7731	5722	NA
7732	7363	NA
7737	6323	NA
7755	NA	NA
8145	6486	6832
8146	5467	6844
8147	6323	6864
8148	5636	6865
8149	6314	6875
8150	6321	6876
8151	NA	6883
8152	6729	6890
8153	6869	6897
8154	6486	6917
8155	5056	6925
8156	5132	6931
8157	5426	6946
8158	NA	6947
8159	6302	6983
8161	6116	4472
8162	5768	4241
8163	5722	3796
8164	5132	3659
8165	5132	3662
8166	5484	3564
8167	NA	7081
8168	5069	7085
8169	5513	7093
8170	5086	4308
7434	5132	5150
7435	6314	5276
7436	6323	5107
7437	5768	6646
7438	5426	5444
7439	5467	5103
7440	5056	6605
7441	6719	5421
7442	5667	4361
7443	5667	4361
7444	7729	6690
7445	6323	5242
7446	5422	6585
7447	6088	6827
7448	5667	5101
7449	NA	6829
7450	5722	5596
7451	5768	5597
7452	6550	6724
7453	5132	6189
7454	5132	6348
7455	6323	6666
7456	5704	6681
7457	6323	5248
7458	6302	5447
7459	NA	5447
7460	6809	5241
7461	5667	5130
7462	6314	5469
7463	6321	5469
7464	7363	6369
7465	5667	6369
7466	6314	6082
7467	5132	4407
7468	7045	6777
7469	6451	6833
7470	NA	6867
7471	5442	6168
7472	NA	6644
7473	6486	6691
7474	5056	7046
7475	NA	5594
7476	5420	6151
7477	5132	5439
7478	5513	5144
7479	NA	4359
7480	5704	6608
7481	5480	6338
7482	6326	6171
7483	5437	6860
7484	5667	6100
7485	NA	5741
7486	NA	6680
7487	7730	5433
7488	5722	6127
7489	5442	5552
7490	6302	5127
7491	6333	6910
7492	NA	6124
7493	7355	5152
7494	5683	5455
7495	6326	6723
7496	6088	5751
7497	5132	6086
7498	5442	5491
7499	5442	5491
7500	7097	6904
7501	6819	6425
7502	5132	6588
7503	NA	6588
7504	5437	6414
7505	NA	5456
7506	6721	5604
7507	6332	6770
7508	NA	6780
7509	6721	6780
7510	5132	5111
7511	5722	6583
7512	5442	6625
7513	5768	5443
7514	NA	5443
7515	5132	6196
7516	NA	5543
7517	5722	6125
7518	7363	6730
7519	NA	6892
7520	5132	4575
7521	5667	6938
7522	6321	6929
7523	6486	6990
7524	6536	6408
7525	NA	5652
7526	5420	5530
7527	6302	6118
7528	5437	6688
7529	6411	6159
7530	5636	5562
7531	NA	5562
7532	5442	6776
7533	5429	6525
7534	6554	6455
7535	6577	6786
7536	5442	5662
7537	6805	5133
7538	6901	5133
7539	6314	5089
7540	6546	5119
7541	NA	5632
7542	6546	5490
7543	5564	5535
7544	5564	5535
7545	5513	5891
7546	5153	6089
7547	6633	5137
7548	6561	5137
7549	5429	6452
7550	7355	6120
7551	5722	6120
7552	6721	6435
7553	6729	5631
7554	6546	5431
7555	5069	5759
7556	5429	5506
7557	7356	6663
7558	5683	6969
7559	5437	6155
7560	NA	5528
7561	5437	6537
7562	5667	5917
7563	7355	6866
7564	NA	5460
7565	5667	5510
7566	6546	5486
7567	5768	6713
7568	5429	6441
7569	5564	6615
7570	6302	6692
7571	7755	6937
7572	5704	6909
7573	5132	5520
7574	6116	5520
7575	5132	5466
7576	5132	5525
7577	5132	6930
7578	7355	6900
7579	6653	6697
7580	6554	6907
7581	5722	6679
7582	NA	6718
7583	5420	5430
7584	7354	5485
7585	7354	5485
7586	NA	6193
7587	NA	6182
7588	6486	6717
7589	7354	5095
7590	5132	6459
7591	5132	6979
7592	6721	5094
7593	4418	6831
7594	5420	5084
7595	6536	6958
7596	NA	6976
7597	5132	6084
7598	5667	5326
7599	6616	5100
7600	6314	6678
7601	NA	6988
7602	NA	7063
7603	7352	7078
7604	5667	5459
7605	NA	4465
7614	6333	5150
7615	7102	7133
7616	NA	7043
7617	6808	6654
7619	7363	6646
7621	NA	7235
7622	6792	6928
7623	5667	6859
7624	5768	4456
7625	6195	6982
7626	6326	7206
7628	NA	7118
7629	5442	4432
7630	6599	7205
7631	6941	7185
7632	6843	6857
7634	5686	NA
7635	NA	5501
7636	7069	6874
7638	5132	4395
7639	5132	4395
7640	6792	6971
7641	6071	6943
7642	5420	6911
7643	7355	7143
7644	NA	7056
7645	6314	6837
7646	NA	6838
7647	6550	6945
7648	7134	4575
7649	6326	7201
7650	NA	6841
7651	5132	4004
7652	6941	7230
7653	5069	7194
7654	6949	7171
7655	6923	7228
7656	NA	5528
7657	5442	6916
7658	NA	7342
7659	6326	6967
7660	5442	7109
7661	6794	4190
7662	NA	5762
7663	6323	7126
7664	6546	7126
7665	6949	7141
7666	5420	7115
7667	NA	7146
7668	5636	7340
7669	6616	7172
7670	6333	6948
7671	6616	7190
7672	5667	6972
7673	6479	6145
7674	5429	NA
7675	5467	6851
7676	5069	5595
7677	7365	NA
7680	6088	7051
7681	5683	6834
7682	5132	6617
7683	5683	5427
7684	5442	6726
7685	NA	7707
7686	7350	7708
7687	7354	7073
7688	6314	7079
7689	5513	7068
7690	6102	6593
7691	6321	6674
7692	5768	5505
7693	6102	6609
7694	5442	5648
7695	6805	6136
7709	5429	6099
7710	6071	6354
7711	6479	6927
7712	6116	6176
7713	5442	6682
7714	6116	5531
7715	5564	5121
7716	6721	6150
7717	NA	NA
7718	5722	4410
7719	6565	3259
7720	NA	4628
7721	NA	6488
7722	NA	7080
7723	NA	6779
7724	NA	7076
7725	NA	7076
7726	NA	5595
7727	6302	NA
7733	5132	5626
7734	6546	NA
7735	6463	NA
7736	7356	NA
8171	6795	6164
8172	6323	4404
8173	NA	7083
8174	6789	7113
8175	5667	5232
8176	5722	6342
8177	5132	6695
8178	7358	7186
8179	5480	4399
8180	5422	5831
8181	7224	7214
8182	6546	7121
8183	5420	4238
8184	5420	4238
8185	7102	6362
8186	6616	7220
8187	5467	7259
8188	NA	7167
8189	6701	7072
8190	6536	7244
8191	NA	5542
8192	NA	5542
8193	6314	5514
8194	NA	7210
8195	6332	5555
8196	NA	7225
8197	5132	7234
8198	5426	7222
8199	5476	9999143
8467	5429	6331
8523	5420	7341
8200	6792	5150
8201	NA	7461
8202	NA	5439
8203	6868	5439
8204	5442	7536
8205	6599	7484
8206	5768	7518
8207	7746	7524
8208	7743	6974
8209	5442	5430
8210	5429	4407
8211	5442	4575
8212	6694	4575
8213	5132	5107
8214	7158	6082
8215	6809	7068
8216	NA	4628
8217	7354	6690
8218	5768	5433
8219	NA	6086
8220	5636	6605
8221	5069	6488
8222	6326	5596
8223	7354	6691
8224	6102	6833
8225	7224	6777
8226	6116	6827
8227	6116	6348
8228	7354	6644
8229	7753	6781
8230	5132	5421
8231	5420	4361
8232	5480	6911
8233	NA	6829
8234	6797	5662
8235	5683	6646
8236	6411	6909
8237	6411	6625
8238	7363	6189
8239	5437	7267
8240	6116	7185
8241	6411	6860
8242	5132	5447
8243	5442	6688
8244	NA	6892
8245	6411	6168
8246	5429	7124
8247	NA	6831
8248	6332	6971
8249	6486	7116
8250	7753	7131
8251	5069	6867
8252	5420	6124
8253	6796	5455
8254	6565	6680
8255	NA	6155
8256	5683	7230
8257	6318	7157
8258	7256	6176
8259	5132	6692
8260	5442	6369
8261	5442	6369
8262	7744	6414
8263	6332	7205
8264	5768	7056
8265	6843	6593
8267	7753	6151
8268	5442	4359
8269	7238	6730
8270	NA	6588
8271	6729	6588
8272	6567	7253
8273	5768	6713
8274	6809	5456
8275	7746	7228
8276	5683	6945
8277	6884	5443
8278	5564	5443
8279	6809	6127
8280	5420	5510
8281	6332	6928
8282	7238	6679
8283	NA	6930
8284	7139	6969
8285	5564	6948
8286	NA	7043
8287	6893	5084
8288	7256	7133
8289	5437	6452
8290	6116	6608
8291	NA	6681
8292	6869	6723
8293	6905	6958
8294	7729	7190
8295	7365	5127
8296	7748	6150
8297	7753	6585
8298	7097	6125
8299	5132	5520
8300	5442	6617
8301	5442	5530
8302	NA	7046
8303	6941	6718
8304	NA	6408
8305	NA	5152
8306	NA	7342
8307	NA	6920
8308	7728	6972
8309	7739	7144
8310	NA	6100
8311	6893	6100
8312	6486	6674
8313	5420	5631
8314	5153	7172
8315	6809	6859
8316	5442	5119
8317	5437	7163
8318	6332	6441
8319	NA	6717
8320	7744	6196
8321	5768	6196
8322	7050	6678
8323	6884	5604
8324	6729	5490
8325	7353	5444
8326	5132	6171
8327	6633	6938
8328	5442	6682
8329	5768	6770
8330	6849	5594
8331	6792	7108
8332	6806	7109
8333	5442	6583
8334	7356	6159
8335	7356	6159
8336	6333	5089
8337	6599	5741
8338	6819	6726
8339	7045	6900
8340	NA	5917
8341	5480	6118
8342	6719	6851
8343	6633	7051
8344	NA	6089
8345	NA	5595
8346	NA	5595
8347	7706	6525
8348	5132	7146
8349	NA	6967
8350	7728	6937
8351	7363	5525
8352	6463	6683
8353	6797	6663
8354	7355	6780
8355	NA	5460
8357	6869	7159
8358	5132	6331
8359	6326	5593
8360	6868	6435
8361	5132	6615
8362	5564	5535
8363	NA	5762
8364	6411	6837
8365	6326	6425
8366	6479	7450
8367	NA	5103
8368	7755	7560
8369	7756	7707
8370	7757	7316
8371	NA	7708
8372	NA	6136
8373	6905	6929
8374	7174	NA
8375	5429	7080
8376	NA	5144
8377	7139	6874
8378	6332	7261
8379	NA	7245
8380	6550	7213
8381	6195	5130
8382	5437	5130
8383	7363	7241
8384	5132	5427
8385	5480	7171
8386	6633	7565
8387	6486	5431
8388	6796	5146
8389	6486	5531
8390	5069	5427
8391	5420	6780
8392	6721	7227
8393	7753	4395
8394	7753	4395
8395	7256	7118
8396	5132	6866
8397	6792	7232
8398	6797	6972
8399	5420	7206
8400	6326	7223
8401	7749	NA
8402	6451	7142
8404	6102	NA
8405	NA	7454
8406	6811	7494
8407	5420	5433
8408	6729	7198
8409	5069	5485
8410	NA	7695
8411	6599	7600
8412	NA	7053
8413	5437	5491
8414	7736	6786
8415	7097	7252
8416	6802	NA
8417	5132	4432
8418	6332	7262
8419	7586	NA
8420	5132	6084
8421	6616	7542
8422	5132	6943
8425	6546	7478
8426	6721	7483
8427	6805	5589
8428	6941	7529
8429	5442	5469
8430	5442	5469
8431	7256	5543
8432	7097	7452
8433	6789	7491
8434	5437	7141
8435	5442	5626
8436	7355	5095
8437	6809	5101
8438	7753	5063
8439	7482	7515
8440	6195	7149
8441	5429	6421
8442	5429	6421
8443	5420	5248
8444	6973	7689
8445	6721	5891
8446	7097	7084
8447	NA	7535
8448	5442	4410
8449	6923	7501
8450	5420	6916
8451	5480	6979
8452	6577	7201
8453	5437	6976
8454	5442	5242
8455	7099	5133
8456	6721	5133
8457	5069	6609
8459	5480	6724
8460	5564	4631
8461	5442	5094
8462	5442	6725
8463	5069	6927
8464	5442	6910
8465	5480	5137
8466	6332	7140
8468	7704	6841
8469	5132	7115
8471	5429	6529
8472	5069	6193
8473	NA	6455
8474	6479	5505
8484	6486	5562
8485	6796	NA
8486	NA	6685
8487	NA	6136
8488	NA	6834
8489	NA	5597
8490	NA	7257
8491	NA	7063
8492	NA	7079
8493	6905	7215
8494	NA	7073
8495	6696	6988
8496	NA	6982
8497	NA	6354
8498	NA	6120
8499	NA	6779
8500	NA	6528
8501	6566	7698
8502	NA	7082
8503	NA	6365
8504	NA	5276
8505	NA	6838
8506	NA	6147
8507	7744	6776
8508	6797	5459
8509	NA	6182
8510	6599	5648
8511	NA	5121
8512	NA	5146
8513	7753	6338
8514	NA	6099
8515	NA	6598
8516	NA	6697
8517	7057	6186
8518	NA	7071
8524	6923	5652
8642	5692	NA
8644	6088	NA
8647	6721	NA
8654	6802	6768
8655	6411	6904
8658	NA	7700
8662	7168	NA
8665	6486	5506
8667	6546	NA
8669	NA	6857
8671	5429	NA
8672	7099	NA
8673	7354	NA
8676	6721	NA
8677	7354	NA
8680	6577	NA
8681	7751	NA
8682	5623	NA
8685	6667	NA
8687	NA	NA
8689	NA	NA
8697	5437	NA
8699	6471	NA
8700	7744	NA
8701	7751	NA
8702	6102	NA
8703	6546	NA
8974	6796	6459
8519	5480	5103
8528	6463	5466
8529	6599	5562
8530	NA	7080
8531	6599	5094
8532	6667	7073
8533	NA	4359
8534	NA	7075
8535	NA	4628
8536	7738	8269
8537	5768	5525
8538	6616	6189
8539	NA	8343
8540	6808	6713
8541	5768	5604
8542	7363	5604
8543	NA	5530
8544	5480	5127
8545	5422	8330
8546	5480	7124
8547	7729	8214
8548	NA	8225
8549	NA	8333
8550	NA	7469
8551	NA	6859
8552	6805	6718
8553	NA	6585
8554	NA	5433
8555	NA	5433
8556	6792	5447
8557	6805	7074
8558	6116	7717
8559	7737	6441
8560	6599	5506
8561	6599	5506
8562	5442	5121
8563	8467	5089
8564	5768	7082
8565	6565	8257
8566	7745	7556
8567	NA	7253
8568	6411	5133
8569	6411	5133
8570	NA	6786
8571	6792	5596
8572	6599	6781
8573	6721	6781
8574	6701	6780
8575	5480	6928
8576	6898	5427
8577	NA	8291
8578	5768	7589
8579	7704	5443
8580	6792	7514
8581	5768	5593
8582	NA	5460
8583	NA	5460
8584	6411	5107
8585	7352	6528
8586	6805	5631
8587	NA	8219
8588	8483	7116
8589	6479	7171
8590	5442	6730
8591	NA	6609
8592	5442	6646
8593	5442	6646
8594	7256	5510
8595	5420	5510
8596	NA	7140
8597	7352	6920
8598	5480	6193
8599	5692	5505
8600	NA	6529
8601	6819	8292
8602	NA	7533
8603	5422	7552
8604	5480	6082
8605	5480	6082
8606	6722	8237
8607	5480	6910
8608	5442	6147
8609	5422	6186
8610	5420	7146
8611	6116	6904
8612	7139	6971
8613	5768	5084
8614	5442	6909
8615	5768	5455
8616	7744	5459
8617	6667	6338
8618	NA	5762
8619	7363	6972
8620	6792	6150
8621	6591	8326
8622	NA	6452
8623	6701	7708
8624	6332	6588
8625	7045	6588
8626	5420	5444
8627	5420	5444
8628	7356	7468
8629	7354	6100
8630	NA	6488
8631	NA	6488
8632	6805	6120
8633	6805	6120
8634	6486	5531
8635	6796	6171
8636	6792	5130
8637	6792	5130
8638	NA	8344
8639	6721	5152
8640	6722	6692
8641	6796	6159
8670	5683	8669
8688	NA	8687
8690	6805	8689
8709	7352	7068
8710	6789	6690
8711	6463	7194
8712	NA	7079
8713	6411	6625
8714	NA	7108
8715	NA	7342
8716	6486	6827
8717	7095	6892
8718	NA	6691
8719	7352	6777
8720	5442	5597
8721	6599	6982
8722	6686	7262
8723	NA	5662
8724	6843	6605
8725	5480	6086
8726	7363	6168
8727	6696	6990
8728	8483	6833
8729	7750	7133
8730	6463	6348
8731	7744	7185
8732	6797	6644
8733	6843	6408
8734	7354	6937
8735	6486	6593
8736	6332	7206
8737	6486	6837
8738	6719	6831
8739	6792	7144
8740	NA	6354
8741	5480	7245
8742	5768	6666
8743	6805	7205
8744	NA	6723
8745	5768	6127
8746	5420	7142
8747	6941	7230
8748	6792	6118
8749	7107	7056
8750	6411	6943
8751	NA	6929
8752	6102	7454
8753	7354	6945
8754	6796	6927
8755	6479	7131
8756	5420	6857
8757	7256	7201
8758	6686	6770
8759	NA	7109
8760	6411	6851
8761	5768	7046
8762	6719	5594
8763	NA	6435
8764	6819	6938
8765	7744	7157
8766	6808	6365
8767	7339	6425
8769	5420	6151
8770	6332	7043
8771	6332	7267
8772	7224	7232
8773	NA	7143
8774	NA	7228
8775	NA	7115
8776	6797	7215
8777	NA	7486
8778	7363	6369
8779	NA	6986
8780	6805	5490
8781	7729	7172
8782	7045	6969
8783	5768	6617
8784	6694	6688
8785	NA	7252
8786	6486	6717
8787	6805	7698
8788	5480	6136
8789	6411	6911
8790	7256	6678
8791	6796	6608
8792	7352	7118
8793	6411	7051
8794	6805	6682
8795	7744	7241
8796	6721	5520
8797	NA	5520
8798	NA	7476
8799	5442	6176
8800	NA	6680
8801	7701	6182
8802	NA	7318
8803	7097	6916
8804	5420	6962
8805	8483	6962
8806	6721	7574
8807	6486	6683
8808	7256	6979
8809	NA	7257
8810	NA	6679
8811	5442	5528
8812	6792	6967
8813	5442	6663
8814	6721	7202
8815	NA	7700
8816	6332	6724
8817	NA	6681
8818	6332	7576
8819	7354	6455
8820	NA	6829
8821	6805	7155
8822	7731	7155
8823	6550	6598
8824	8483	7227
8825	7696	NA
8826	6486	7560
8827	6805	NA
8829	5420	7261
8830	5420	7261
8831	6486	4465
8832	5442	4465
8834	6550	7603
8835	6565	7458
8836	5692	7695
8837	5420	7710
8838	6658	NA
8839	NA	6874
8840	6332	6930
8841	5420	7198
8842	6479	6930
8843	7729	7574
8844	6463	6834
8845	7354	6948
8846	7356	6084
8847	7095	NA
8848	NA	6196
8849	6411	6099
8850	NA	7590
8851	6486	6155
8852	7110	NA
8855	NA	7223
8856	5420	6615
8857	5442	7542
8858	NA	7687
8859	5692	7053
8860	6116	8362
8861	5480	6726
8862	6792	7459
8863	6486	5648
8864	NA	5485
8955	NA	6685
8956	NA	7316
8957	NA	6779
8958	NA	6860
8959	NA	6907
8960	NA	7063
8961	NA	5486
8962	NA	7587
8963	6696	6145
8964	6849	6406
8965	5480	7472
8966	6563	5526
8967	6486	7163
8969	5420	6725
8970	6727	7485
8971	7352	7159
8972	7738	6867
